0 Switch Box
0 Name: bb-switch.dat
0 Author: Ondřej Tůma
0 !CATEGORY m-Bitbeam

0 !LDRAW_ORG Unofficial_Part
0 !LICENSE Redistributable under CCAL version 2.0 : see CAreadme.txt

0 BFC CERTIFY CCW

0 // Created with stl2dat conversion tool

4 16 28.75 -4.99 77.5 26.25 -4.99 75 26.25 -4.99 25 28.75 -4.99 22.5
2 24 26.25 -4.99 25 26.25 -4.99 75
2 24 28.75 -4.99 77.5 28.75 -4.99 22.5
4 16 28.75 -4.99 77.5 -8.75 -4.99 77.5 -6.25 -4.99 75 26.25 -4.99 75
2 24 28.75 -4.99 77.5 -8.75 -4.99 77.5
2 24 26.25 -4.99 75 -6.25 -4.99 75
4 16 -6.25 -4.99 75 -8.75 -4.99 77.5 -8.75 -4.99 22.5 -6.25 -4.99 25
2 24 -8.75 -4.99 77.5 -8.75 -4.99 22.5
2 24 -6.25 -4.99 75 -6.25 -4.99 25
4 16 -6.25 -4.99 25 -8.75 -4.99 22.5 28.75 -4.99 22.5 26.25 -4.99 25
2 24 -8.75 -4.99 22.5 28.75 -4.99 22.5
2 24 -6.25 -4.99 25 26.25 -4.99 25

4 16 30 -10 -10 28.75 -10 22.5 25.81 -10 1.49 26 -10 0
2 24 26 -10 0 25.81 -10 1.49
3 16 28.75 -10 22.5 25.26 -10 2.89 25.81 -10 1.49
2 24 25.81 -10 1.49 25.26 -10 2.89
3 16 28.75 -10 22.5 24.37 -10 4.11 25.26 -10 2.89
2 24 25.26 -10 2.89 24.37 -10 4.11
3 16 28.75 -10 22.5 23.21 -10 5.07 24.37 -10 4.11
2 24 24.37 -10 4.11 23.21 -10 5.07
3 16 28.75 -10 22.5 21.85 -10 5.71 23.21 -10 5.07
2 24 23.21 -10 5.07 21.85 -10 5.71
3 16 28.75 -10 22.5 20.38 -10 5.99 21.85 -10 5.71
2 24 21.85 -10 5.71 20.38 -10 5.99
3 16 28.75 -10 22.5 18.88 -10 5.89 20.38 -10 5.99
2 24 20.38 -10 5.99 18.88 -10 5.89
4 16 28.75 -10 22.5 1.85 -10 5.71 17.45 -10 5.43 18.88 -10 5.89
2 24 18.88 -10 5.89 17.45 -10 5.43
4 16 17.45 -10 5.43 1.85 -10 5.71 3.21 -10 5.07 16.18 -10 4.62
2 24 3.21 -10 5.07 1.85 -10 5.71
2 24 17.45 -10 5.43 16.18 -10 4.62
4 16 14.05 -10 0.75 6 -10 0 5.81 -10 -1.49 14.05 -10 -0.75
2 24 5.81 -10 -1.49 6 -10 0
2 24 14.05 -10 0.75 14.05 -10 -0.75
4 16 5.81 -10 1.49 6 -10 0 14.05 -10 0.75 14.42 -10 2.21
2 24 6 -10 0 5.81 -10 1.49
2 24 14.42 -10 2.21 14.05 -10 0.75
4 16 5.26 -10 2.89 5.81 -10 1.49 14.42 -10 2.21 15.15 -10 3.53
2 24 5.81 -10 1.49 5.26 -10 2.89
2 24 15.15 -10 3.53 14.42 -10 2.21
3 16 4.37 -10 4.11 16.18 -10 4.62 3.21 -10 5.07
2 24 4.37 -10 4.11 3.21 -10 5.07
4 16 15.15 -10 3.53 16.18 -10 4.62 4.37 -10 4.11 5.26 -10 2.89
2 24 16.18 -10 4.62 15.15 -10 3.53
2 24 5.26 -10 2.89 4.37 -10 4.11
4 16 -8.75 -10 22.5 0.38 -10 5.99 1.85 -10 5.71 28.75 -10 22.5
2 24 1.85 -10 5.71 0.38 -10 5.99
2 24 28.75 -10 22.5 -8.75 -10 22.5
3 16 0.38 -10 5.99 -8.75 -10 22.5 -1.12 -10 5.89
2 24 0.38 -10 5.99 -1.12 -10 5.89
3 16 -10 -10 -10 -5.95 -10 0.75 -8.75 -10 22.5
3 16 -5.58 -10 2.21 -8.75 -10 22.5 -5.95 -10 0.75
2 24 -5.58 -10 2.21 -5.95 -10 0.75
3 16 -4.85 -10 3.53 -8.75 -10 22.5 -5.58 -10 2.21
2 24 -4.85 -10 3.53 -5.58 -10 2.21
3 16 -3.82 -10 4.62 -8.75 -10 22.5 -4.85 -10 3.53
2 24 -3.82 -10 4.62 -4.85 -10 3.53
3 16 -2.55 -10 5.43 -8.75 -10 22.5 -3.82 -10 4.62
2 24 -2.55 -10 5.43 -3.82 -10 4.62
3 16 -1.12 -10 5.89 -8.75 -10 22.5 -2.55 -10 5.43
2 24 -1.12 -10 5.89 -2.55 -10 5.43
3 16 30 -10 110 28.75 -10 77.5 30 -10 -10
2 24 30 -10 110 30 -10 -10
4 16 25.81 -10 98.51 28.75 -10 77.5 30 -10 110 26 -10 100
2 24 25.81 -10 98.51 26 -10 100
3 16 30 -10 110 25.81 -10 101.49 26 -10 100
2 24 26 -10 100 25.81 -10 101.49
3 16 30 -10 110 25.26 -10 102.89 25.81 -10 101.49
2 24 25.81 -10 101.49 25.26 -10 102.89
3 16 30 -10 110 24.37 -10 104.11 25.26 -10 102.89
2 24 25.26 -10 102.89 24.37 -10 104.11
3 16 30 -10 110 23.21 -10 105.07 24.37 -10 104.11
2 24 24.37 -10 104.11 23.21 -10 105.07
3 16 30 -10 110 21.85 -10 105.71 23.21 -10 105.07
2 24 23.21 -10 105.07 21.85 -10 105.71
3 16 30 -10 110 20.38 -10 105.99 21.85 -10 105.71
2 24 21.85 -10 105.71 20.38 -10 105.99
3 16 30 -10 110 18.88 -10 105.89 20.38 -10 105.99
2 24 20.38 -10 105.99 18.88 -10 105.89
3 16 1.85 -10 105.71 18.88 -10 105.89 30 -10 110
4 16 14.05 -10 100.75 6 -10 100 5.81 -10 98.51 14.05 -10 99.25
2 24 5.81 -10 98.51 6 -10 100
2 24 14.05 -10 100.75 14.05 -10 99.25
4 16 5.81 -10 101.49 6 -10 100 14.05 -10 100.75 14.42 -10 102.21
2 24 6 -10 100 5.81 -10 101.49
2 24 14.42 -10 102.21 14.05 -10 100.75
4 16 5.26 -10 102.89 5.81 -10 101.49 14.42 -10 102.21 15.15 -10 103.53
2 24 5.81 -10 101.49 5.26 -10 102.89
2 24 15.15 -10 103.53 14.42 -10 102.21
4 16 4.37 -10 104.11 5.26 -10 102.89 15.15 -10 103.53 16.18 -10 104.62
2 24 5.26 -10 102.89 4.37 -10 104.11
2 24 16.18 -10 104.62 15.15 -10 103.53
4 16 3.21 -10 105.07 4.37 -10 104.11 16.18 -10 104.62 17.45 -10 105.43
2 24 4.37 -10 104.11 3.21 -10 105.07
2 24 17.45 -10 105.43 16.18 -10 104.62
4 16 18.88 -10 105.89 1.85 -10 105.71 3.21 -10 105.07 17.45 -10 105.43
2 24 3.21 -10 105.07 1.85 -10 105.71
2 24 18.88 -10 105.89 17.45 -10 105.43
4 16 -10 -10 110 0.38 -10 105.99 1.85 -10 105.71 30 -10 110
2 24 1.85 -10 105.71 0.38 -10 105.99
2 24 30 -10 110 -10 -10 110
3 16 -10 -10 110 -5.95 -10 99.25 -5.95 -10 100.75
2 24 -5.95 -10 100.75 -5.95 -10 99.25
3 16 -8.75 -10 77.5 -10 -10 110 -8.75 -10 22.5
2 24 -8.75 -10 22.5 -8.75 -10 77.5
3 16 -5.95 -10 99.25 -10 -10 110 -8.75 -10 77.5
3 16 -5.58 -10 102.21 -10 -10 110 -5.95 -10 100.75
2 24 -5.58 -10 102.21 -5.95 -10 100.75
3 16 -4.85 -10 103.53 -10 -10 110 -5.58 -10 102.21
2 24 -4.85 -10 103.53 -5.58 -10 102.21
3 16 -3.82 -10 104.62 -10 -10 110 -4.85 -10 103.53
2 24 -3.82 -10 104.62 -4.85 -10 103.53
3 16 -2.55 -10 105.43 -10 -10 110 -3.82 -10 104.62
2 24 -2.55 -10 105.43 -3.82 -10 104.62
3 16 -1.12 -10 105.89 -10 -10 110 -2.55 -10 105.43
2 24 -1.12 -10 105.89 -2.55 -10 105.43
3 16 0.38 -10 105.99 -10 -10 110 -1.12 -10 105.89
2 24 0.38 -10 105.99 -1.12 -10 105.89
3 16 28.75 -10 22.5 30 -10 -10 28.75 -10 77.5
2 24 28.75 -10 77.5 28.75 -10 22.5
3 16 25.81 -10 -1.49 30 -10 -10 26 -10 0
2 24 25.81 -10 -1.49 26 -10 0
3 16 25.26 -10 -2.89 30 -10 -10 25.81 -10 -1.49
2 24 25.26 -10 -2.89 25.81 -10 -1.49
3 16 24.37 -10 -4.11 30 -10 -10 25.26 -10 -2.89
2 24 24.37 -10 -4.11 25.26 -10 -2.89
3 16 23.21 -10 -5.07 30 -10 -10 24.37 -10 -4.11
2 24 23.21 -10 -5.07 24.37 -10 -4.11
3 16 21.85 -10 -5.71 30 -10 -10 23.21 -10 -5.07
2 24 21.85 -10 -5.71 23.21 -10 -5.07
3 16 20.38 -10 -5.99 30 -10 -10 21.85 -10 -5.71
2 24 20.38 -10 -5.99 21.85 -10 -5.71
3 16 18.88 -10 -5.89 30 -10 -10 20.38 -10 -5.99
2 24 18.88 -10 -5.89 20.38 -10 -5.99
3 16 1.85 -10 -5.71 18.88 -10 -5.89 17.45 -10 -5.43
2 24 17.45 -10 -5.43 18.88 -10 -5.89
4 16 14.05 -10 -0.75 5.81 -10 -1.49 5.26 -10 -2.89 14.42 -10 -2.21
2 24 5.26 -10 -2.89 5.81 -10 -1.49
2 24 14.05 -10 -0.75 14.42 -10 -2.21
4 16 14.42 -10 -2.21 5.26 -10 -2.89 4.37 -10 -4.11 15.15 -10 -3.53
2 24 4.37 -10 -4.11 5.26 -10 -2.89
2 24 14.42 -10 -2.21 15.15 -10 -3.53
4 16 15.15 -10 -3.53 4.37 -10 -4.11 3.21 -10 -5.07 16.18 -10 -4.62
2 24 3.21 -10 -5.07 4.37 -10 -4.11
2 24 15.15 -10 -3.53 16.18 -10 -4.62
4 16 16.18 -10 -4.62 3.21 -10 -5.07 1.85 -10 -5.71 17.45 -10 -5.43
2 24 1.85 -10 -5.71 3.21 -10 -5.07
2 24 16.18 -10 -4.62 17.45 -10 -5.43
3 16 18.88 -10 -5.89 1.85 -10 -5.71 30 -10 -10
4 16 -10 -10 -10 30 -10 -10 1.85 -10 -5.71 0.38 -10 -5.99
2 24 -10 -10 -10 30 -10 -10
2 24 0.38 -10 -5.99 1.85 -10 -5.71
3 16 -10 -10 -10 0.38 -10 -5.99 -1.12 -10 -5.89
2 24 -1.12 -10 -5.89 0.38 -10 -5.99
3 16 -2.55 -10 -5.43 -10 -10 -10 -1.12 -10 -5.89
2 24 -2.55 -10 -5.43 -1.12 -10 -5.89
3 16 -3.82 -10 -4.62 -10 -10 -10 -2.55 -10 -5.43
2 24 -3.82 -10 -4.62 -2.55 -10 -5.43
3 16 -4.85 -10 -3.53 -10 -10 -10 -3.82 -10 -4.62
2 24 -4.85 -10 -3.53 -3.82 -10 -4.62
3 16 -5.58 -10 -2.21 -10 -10 -10 -4.85 -10 -3.53
2 24 -5.58 -10 -2.21 -4.85 -10 -3.53
3 16 -5.95 -10 -0.75 -10 -10 -10 -5.58 -10 -2.21
2 24 -5.95 -10 -0.75 -5.58 -10 -2.21
3 16 -5.95 -10 0.75 -10 -10 -10 -5.95 -10 -0.75
2 24 -5.95 -10 0.75 -5.95 -10 -0.75
3 16 -10 -10 -10 -8.75 -10 22.5 -10 -10 110
2 24 -10 -10 -10 -10 -10 110
3 16 25.26 -10 97.11 28.75 -10 77.5 25.81 -10 98.51
2 24 25.26 -10 97.11 25.81 -10 98.51
3 16 24.37 -10 95.89 28.75 -10 77.5 25.26 -10 97.11
2 24 24.37 -10 95.89 25.26 -10 97.11
3 16 23.21 -10 94.93 28.75 -10 77.5 24.37 -10 95.89
2 24 23.21 -10 94.93 24.37 -10 95.89
3 16 21.85 -10 94.29 28.75 -10 77.5 23.21 -10 94.93
2 24 21.85 -10 94.29 23.21 -10 94.93
3 16 20.38 -10 94.01 28.75 -10 77.5 21.85 -10 94.29
2 24 20.38 -10 94.01 21.85 -10 94.29
3 16 18.88 -10 94.11 28.75 -10 77.5 20.38 -10 94.01
2 24 18.88 -10 94.11 20.38 -10 94.01
3 16 17.45 -10 94.57 28.75 -10 77.5 18.88 -10 94.11
2 24 17.45 -10 94.57 18.88 -10 94.11
3 16 3.21 -10 94.93 17.45 -10 94.57 16.18 -10 95.38
2 24 16.18 -10 95.38 17.45 -10 94.57
4 16 4.37 -10 95.89 3.21 -10 94.93 16.18 -10 95.38 15.15 -10 96.47
2 24 3.21 -10 94.93 4.37 -10 95.89
2 24 15.15 -10 96.47 16.18 -10 95.38
4 16 14.05 -10 99.25 5.81 -10 98.51 5.26 -10 97.11 14.42 -10 97.79
2 24 5.26 -10 97.11 5.81 -10 98.51
2 24 14.05 -10 99.25 14.42 -10 97.79
4 16 14.42 -10 97.79 5.26 -10 97.11 4.37 -10 95.89 15.15 -10 96.47
2 24 4.37 -10 95.89 5.26 -10 97.11
2 24 14.42 -10 97.79 15.15 -10 96.47
4 16 1.85 -10 94.29 28.75 -10 77.5 17.45 -10 94.57 3.21 -10 94.93
2 24 1.85 -10 94.29 3.21 -10 94.93
4 16 -8.75 -10 77.5 28.75 -10 77.5 1.85 -10 94.29 0.38 -10 94.01
2 24 -8.75 -10 77.5 28.75 -10 77.5
2 24 0.38 -10 94.01 1.85 -10 94.29
3 16 -8.75 -10 77.5 0.38 -10 94.01 -1.12 -10 94.11
2 24 -1.12 -10 94.11 0.38 -10 94.01
3 16 -8.75 -10 77.5 -1.12 -10 94.11 -2.55 -10 94.57
2 24 -2.55 -10 94.57 -1.12 -10 94.11
3 16 -3.82 -10 95.38 -8.75 -10 77.5 -2.55 -10 94.57
2 24 -3.82 -10 95.38 -2.55 -10 94.57
3 16 -4.85 -10 96.47 -8.75 -10 77.5 -3.82 -10 95.38
2 24 -4.85 -10 96.47 -3.82 -10 95.38
3 16 -5.58 -10 97.79 -8.75 -10 77.5 -4.85 -10 96.47
2 24 -5.58 -10 97.79 -4.85 -10 96.47
3 16 -8.75 -10 77.5 -5.58 -10 97.79 -5.95 -10 99.25
2 24 -5.95 -10 99.25 -5.58 -10 97.79

3 16 30 10 110 25.81 10 98.51 26 10 100
2 24 26 10 100 25.81 10 98.51
3 16 26.25 10 75 25.26 10 97.11 25.81 10 98.51
2 24 25.81 10 98.51 25.26 10 97.11
3 16 26.25 10 75 24.37 10 95.89 25.26 10 97.11
2 24 25.26 10 97.11 24.37 10 95.89
3 16 26.25 10 75 23.21 10 94.93 24.37 10 95.89
2 24 24.37 10 95.89 23.21 10 94.93
3 16 26.25 10 75 21.85 10 94.29 23.21 10 94.93
2 24 23.21 10 94.93 21.85 10 94.29
3 16 26.25 10 75 20.38 10 94.01 21.85 10 94.29
2 24 21.85 10 94.29 20.38 10 94.01
3 16 26.25 10 75 18.88 10 94.11 20.38 10 94.01
2 24 20.38 10 94.01 18.88 10 94.11
3 16 26.25 10 75 17.45 10 94.57 18.88 10 94.11
2 24 18.88 10 94.11 17.45 10 94.57
4 16 3.21 10 94.93 16.18 10 95.38 17.45 10 94.57 26.25 10 75
2 24 17.45 10 94.57 16.18 10 95.38
4 16 4.37 10 95.89 15.15 10 96.47 16.18 10 95.38 3.21 10 94.93
2 24 16.18 10 95.38 15.15 10 96.47
2 24 4.37 10 95.89 3.21 10 94.93
4 16 14.05 10 99.25 6 10 100 5.81 10 101.49 14.05 10 100.75
2 24 5.81 10 101.49 6 10 100
2 24 14.05 10 99.25 14.05 10 100.75
4 16 5.81 10 98.51 14.05 10 99.25 14.42 10 97.79 5.26 10 97.11
2 24 14.42 10 97.79 14.05 10 99.25
2 24 5.81 10 98.51 5.26 10 97.11
3 16 14.05 10 99.25 5.81 10 98.51 6 10 100
2 24 6 10 100 5.81 10 98.51
4 16 15.15 10 96.47 4.37 10 95.89 5.26 10 97.11 14.42 10 97.79
2 24 5.26 10 97.11 4.37 10 95.89
2 24 15.15 10 96.47 14.42 10 97.79
4 16 -6.25 10 75 1.85 10 94.29 3.21 10 94.93 26.25 10 75
2 24 3.21 10 94.93 1.85 10 94.29
2 24 26.25 10 75 -6.25 10 75
3 16 1.85 10 94.29 -6.25 10 75 0.38 10 94.01
2 24 1.85 10 94.29 0.38 10 94.01
3 16 0.38 10 94.01 -6.25 10 75 -1.12 10 94.11
2 24 0.38 10 94.01 -1.12 10 94.11
3 16 -1.12 10 94.11 -6.25 10 75 -2.55 10 94.57
2 24 -1.12 10 94.11 -2.55 10 94.57
3 16 -10 10 110 -5.95 10 99.25 -6.25 10 75
3 16 -5.58 10 97.79 -6.25 10 75 -5.95 10 99.25
2 24 -5.58 10 97.79 -5.95 10 99.25
3 16 -4.85 10 96.47 -6.25 10 75 -5.58 10 97.79
2 24 -4.85 10 96.47 -5.58 10 97.79
3 16 -3.82 10 95.38 -6.25 10 75 -4.85 10 96.47
2 24 -3.82 10 95.38 -4.85 10 96.47
3 16 -2.55 10 94.57 -6.25 10 75 -3.82 10 95.38
2 24 -2.55 10 94.57 -3.82 10 95.38
3 16 30 10 -10 26.25 10 25 30 10 110
2 24 30 10 110 30 10 -10
3 16 25.81 10 1.49 30 10 -10 26 10 0
2 24 25.81 10 1.49 26 10 0
3 16 30 10 -10 25.81 10 -1.49 26 10 0
2 24 26 10 0 25.81 10 -1.49
3 16 30 10 -10 25.26 10 -2.89 25.81 10 -1.49
2 24 25.81 10 -1.49 25.26 10 -2.89
3 16 30 10 -10 24.37 10 -4.11 25.26 10 -2.89
2 24 25.26 10 -2.89 24.37 10 -4.11
3 16 30 10 -10 23.21 10 -5.07 24.37 10 -4.11
2 24 24.37 10 -4.11 23.21 10 -5.07
3 16 30 10 -10 21.85 10 -5.71 23.21 10 -5.07
2 24 23.21 10 -5.07 21.85 10 -5.71
3 16 30 10 -10 20.38 10 -5.99 21.85 10 -5.71
2 24 21.85 10 -5.71 20.38 10 -5.99
3 16 30 10 -10 18.88 10 -5.89 20.38 10 -5.99
2 24 20.38 10 -5.99 18.88 10 -5.89
3 16 1.85 10 -5.71 18.88 10 -5.89 30 10 -10
4 16 14.05 10 -0.75 6 10 0 5.81 10 1.49 14.05 10 0.75
2 24 5.81 10 1.49 6 10 0
2 24 14.05 10 -0.75 14.05 10 0.75
4 16 5.81 10 -1.49 6 10 0 14.05 10 -0.75 14.42 10 -2.21
2 24 6 10 0 5.81 10 -1.49
2 24 14.42 10 -2.21 14.05 10 -0.75
4 16 5.26 10 -2.89 5.81 10 -1.49 14.42 10 -2.21 15.15 10 -3.53
2 24 5.81 10 -1.49 5.26 10 -2.89
2 24 15.15 10 -3.53 14.42 10 -2.21
4 16 4.37 10 -4.11 5.26 10 -2.89 15.15 10 -3.53 16.18 10 -4.62
2 24 5.26 10 -2.89 4.37 10 -4.11
2 24 16.18 10 -4.62 15.15 10 -3.53
4 16 3.21 10 -5.07 4.37 10 -4.11 16.18 10 -4.62 17.45 10 -5.43
2 24 4.37 10 -4.11 3.21 10 -5.07
2 24 17.45 10 -5.43 16.18 10 -4.62
4 16 18.88 10 -5.89 1.85 10 -5.71 3.21 10 -5.07 17.45 10 -5.43
2 24 3.21 10 -5.07 1.85 10 -5.71
2 24 18.88 10 -5.89 17.45 10 -5.43
4 16 -10 10 -10 0.38 10 -5.99 1.85 10 -5.71 30 10 -10
2 24 1.85 10 -5.71 0.38 10 -5.99
2 24 30 10 -10 -10 10 -10
3 16 -10 10 -10 -5.95 10 0.75 -5.95 10 -0.75
2 24 -5.95 10 -0.75 -5.95 10 0.75
3 16 -6.25 10 25 -10 10 -10 -6.25 10 75
2 24 -6.25 10 75 -6.25 10 25
3 16 -5.95 10 0.75 -10 10 -10 -6.25 10 25
3 16 -5.58 10 -2.21 -10 10 -10 -5.95 10 -0.75
2 24 -5.58 10 -2.21 -5.95 10 -0.75
3 16 -4.85 10 -3.53 -10 10 -10 -5.58 10 -2.21
2 24 -4.85 10 -3.53 -5.58 10 -2.21
3 16 -3.82 10 -4.62 -10 10 -10 -4.85 10 -3.53
2 24 -3.82 10 -4.62 -4.85 10 -3.53
3 16 -2.55 10 -5.43 -10 10 -10 -3.82 10 -4.62
2 24 -2.55 10 -5.43 -3.82 10 -4.62
3 16 -1.12 10 -5.89 -10 10 -10 -2.55 10 -5.43
2 24 -1.12 10 -5.89 -2.55 10 -5.43
3 16 0.38 10 -5.99 -10 10 -10 -1.12 10 -5.89
2 24 0.38 10 -5.99 -1.12 10 -5.89
3 16 26.25 10 75 30 10 110 26.25 10 25
2 24 26.25 10 25 26.25 10 75
3 16 25.81 10 98.51 30 10 110 26.25 10 75
3 16 25.81 10 101.49 30 10 110 26 10 100
2 24 25.81 10 101.49 26 10 100
3 16 25.26 10 102.89 30 10 110 25.81 10 101.49
2 24 25.26 10 102.89 25.81 10 101.49
3 16 24.37 10 104.11 30 10 110 25.26 10 102.89
2 24 24.37 10 104.11 25.26 10 102.89
3 16 23.21 10 105.07 30 10 110 24.37 10 104.11
2 24 23.21 10 105.07 24.37 10 104.11
3 16 21.85 10 105.71 30 10 110 23.21 10 105.07
2 24 21.85 10 105.71 23.21 10 105.07
3 16 20.38 10 105.99 30 10 110 21.85 10 105.71
2 24 20.38 10 105.99 21.85 10 105.71
3 16 18.88 10 105.89 30 10 110 20.38 10 105.99
2 24 18.88 10 105.89 20.38 10 105.99
3 16 1.85 10 105.71 18.88 10 105.89 17.45 10 105.43
2 24 17.45 10 105.43 18.88 10 105.89
4 16 14.05 10 100.75 5.81 10 101.49 5.26 10 102.89 14.42 10 102.21
2 24 5.26 10 102.89 5.81 10 101.49
2 24 14.05 10 100.75 14.42 10 102.21
4 16 14.42 10 102.21 5.26 10 102.89 4.37 10 104.11 15.15 10 103.53
2 24 4.37 10 104.11 5.26 10 102.89
2 24 14.42 10 102.21 15.15 10 103.53
4 16 15.15 10 103.53 4.37 10 104.11 3.21 10 105.07 16.18 10 104.62
2 24 3.21 10 105.07 4.37 10 104.11
2 24 15.15 10 103.53 16.18 10 104.62
4 16 16.18 10 104.62 3.21 10 105.07 1.85 10 105.71 17.45 10 105.43
2 24 1.85 10 105.71 3.21 10 105.07
2 24 16.18 10 104.62 17.45 10 105.43
3 16 18.88 10 105.89 1.85 10 105.71 30 10 110
4 16 -10 10 110 30 10 110 1.85 10 105.71 0.38 10 105.99
2 24 -10 10 110 30 10 110
2 24 0.38 10 105.99 1.85 10 105.71
3 16 -10 10 110 0.38 10 105.99 -1.12 10 105.89
2 24 -1.12 10 105.89 0.38 10 105.99
3 16 -10 10 110 -6.25 10 75 -10 10 -10
2 24 -10 10 -10 -10 10 110
3 16 -2.55 10 105.43 -10 10 110 -1.12 10 105.89
2 24 -2.55 10 105.43 -1.12 10 105.89
3 16 -3.82 10 104.62 -10 10 110 -2.55 10 105.43
2 24 -3.82 10 104.62 -2.55 10 105.43
3 16 -4.85 10 103.53 -10 10 110 -3.82 10 104.62
2 24 -4.85 10 103.53 -3.82 10 104.62
3 16 -5.58 10 102.21 -10 10 110 -4.85 10 103.53
2 24 -5.58 10 102.21 -4.85 10 103.53
3 16 -5.95 10 100.75 -10 10 110 -5.58 10 102.21
2 24 -5.95 10 100.75 -5.58 10 102.21
3 16 -5.95 10 99.25 -10 10 110 -5.95 10 100.75
2 24 -5.95 10 99.25 -5.95 10 100.75
3 16 30 10 -10 25.81 10 1.49 26.25 10 25
3 16 25.26 10 2.89 26.25 10 25 25.81 10 1.49
2 24 25.26 10 2.89 25.81 10 1.49
3 16 24.37 10 4.11 26.25 10 25 25.26 10 2.89
2 24 24.37 10 4.11 25.26 10 2.89
3 16 23.21 10 5.07 26.25 10 25 24.37 10 4.11
2 24 23.21 10 5.07 24.37 10 4.11
3 16 21.85 10 5.71 26.25 10 25 23.21 10 5.07
2 24 21.85 10 5.71 23.21 10 5.07
3 16 20.38 10 5.99 26.25 10 25 21.85 10 5.71
2 24 20.38 10 5.99 21.85 10 5.71
3 16 18.88 10 5.89 26.25 10 25 20.38 10 5.99
2 24 18.88 10 5.89 20.38 10 5.99
3 16 17.45 10 5.43 26.25 10 25 18.88 10 5.89
2 24 17.45 10 5.43 18.88 10 5.89
4 16 3.21 10 5.07 26.25 10 25 17.45 10 5.43 16.18 10 4.62
2 24 16.18 10 4.62 17.45 10 5.43
4 16 4.37 10 4.11 3.21 10 5.07 16.18 10 4.62 15.15 10 3.53
2 24 3.21 10 5.07 4.37 10 4.11
2 24 15.15 10 3.53 16.18 10 4.62
4 16 5.26 10 2.89 4.37 10 4.11 15.15 10 3.53 14.42 10 2.21
2 24 4.37 10 4.11 5.26 10 2.89
2 24 14.42 10 2.21 15.15 10 3.53
4 16 14.05 10 0.75 5.81 10 1.49 5.26 10 2.89 14.42 10 2.21
2 24 5.26 10 2.89 5.81 10 1.49
2 24 14.05 10 0.75 14.42 10 2.21
4 16 -6.25 10 25 26.25 10 25 3.21 10 5.07 1.85 10 5.71
2 24 -6.25 10 25 26.25 10 25
2 24 1.85 10 5.71 3.21 10 5.07
3 16 -6.25 10 25 1.85 10 5.71 0.38 10 5.99
2 24 0.38 10 5.99 1.85 10 5.71
3 16 -6.25 10 25 0.38 10 5.99 -1.12 10 5.89
2 24 -1.12 10 5.89 0.38 10 5.99
3 16 -6.25 10 25 -1.12 10 5.89 -2.55 10 5.43
2 24 -2.55 10 5.43 -1.12 10 5.89
3 16 -6.25 10 25 -2.55 10 5.43 -3.82 10 4.62
2 24 -3.82 10 4.62 -2.55 10 5.43
3 16 -4.85 10 3.53 -6.25 10 25 -3.82 10 4.62
2 24 -4.85 10 3.53 -3.82 10 4.62
3 16 -5.58 10 2.21 -6.25 10 25 -4.85 10 3.53
2 24 -5.58 10 2.21 -4.85 10 3.53
3 16 -6.25 10 25 -5.58 10 2.21 -5.95 10 0.75
2 24 -5.95 10 0.75 -5.58 10 2.21

4 16 3.21 10 -5.07 1.85 10 -5.71 1.85 -10 -5.71 3.21 -10 -5.07
5 24 1.85 10 -5.71 1.85 -10 -5.71 3.21 -10 -5.07 0.38 10 -5.99
5 24 3.21 -10 -5.07 3.21 10 -5.07 1.85 10 -5.71 4.37 -10 -4.11
4 16 5.81 10 1.49 5.81 -10 1.49 5.26 -10 2.89 5.26 10 2.89
5 24 5.81 10 1.49 5.81 -10 1.49 5.26 -10 2.89 6 10 0
5 24 5.26 -10 2.89 5.26 10 2.89 5.81 10 1.49 4.37 -10 4.11
4 16 6 10 0 6 -10 0 5.81 -10 1.49 5.81 10 1.49
5 24 6 10 0 6 -10 0 5.81 -10 1.49 5.81 10 -1.49
4 16 5.26 10 2.89 5.26 -10 2.89 4.37 -10 4.11 4.37 10 4.11
5 24 4.37 -10 4.11 4.37 10 4.11 5.26 10 2.89 3.21 -10 5.07
4 16 4.37 10 -4.11 4.37 -10 -4.11 5.26 -10 -2.89 5.26 10 -2.89
5 24 4.37 10 -4.11 4.37 -10 -4.11 5.26 -10 -2.89 3.21 10 -5.07
5 24 5.26 -10 -2.89 5.26 10 -2.89 4.37 10 -4.11 5.81 -10 -1.49
4 16 -1.12 10 5.89 0.38 10 5.99 0.38 -10 5.99 -1.12 -10 5.89
5 24 0.38 10 5.99 0.38 -10 5.99 -1.12 -10 5.89 1.85 10 5.71
5 24 -1.12 -10 5.89 -1.12 10 5.89 0.38 10 5.99 -2.55 -10 5.43
4 16 -3.82 10 4.62 -2.55 10 5.43 -2.55 -10 5.43 -3.82 -10 4.62
5 24 -2.55 10 5.43 -2.55 -10 5.43 -3.82 -10 4.62 -1.12 10 5.89
5 24 -3.82 -10 4.62 -3.82 10 4.62 -2.55 10 5.43 -4.85 -10 3.53
4 16 3.21 10 5.07 4.37 10 4.11 4.37 -10 4.11 3.21 -10 5.07
5 24 3.21 -10 5.07 3.21 10 5.07 4.37 10 4.11 1.85 -10 5.71
4 16 -4.85 -10 3.53 -4.85 10 3.53 -3.82 10 4.62 -3.82 -10 4.62
5 24 -4.85 -10 3.53 -4.85 10 3.53 -3.82 10 4.62 -5.58 -10 2.21
4 16 4.37 10 -4.11 3.21 10 -5.07 3.21 -10 -5.07 4.37 -10 -4.11
4 16 1.85 10 -5.71 0.38 10 -5.99 0.38 -10 -5.99 1.85 -10 -5.71
5 24 0.38 10 -5.99 0.38 -10 -5.99 1.85 -10 -5.71 -1.12 10 -5.89
4 16 -2.55 10 5.43 -1.12 10 5.89 -1.12 -10 5.89 -2.55 -10 5.43
4 16 1.85 10 5.71 3.21 10 5.07 3.21 -10 5.07 1.85 -10 5.71
5 24 1.85 -10 5.71 1.85 10 5.71 3.21 10 5.07 0.38 -10 5.99
4 16 -1.12 10 -5.89 -2.55 10 -5.43 -2.55 -10 -5.43 -1.12 -10 -5.89
5 24 -2.55 10 -5.43 -2.55 -10 -5.43 -1.12 -10 -5.89 -3.82 10 -4.62
5 24 -1.12 -10 -5.89 -1.12 10 -5.89 -2.55 10 -5.43 0.38 -10 -5.99
4 16 -5.58 -10 2.21 -5.58 10 2.21 -4.85 10 3.53 -4.85 -10 3.53
5 24 -5.58 -10 2.21 -5.58 10 2.21 -4.85 10 3.53 -5.95 -10 0.75
4 16 -5.58 -10 -2.21 -5.58 10 -2.21 -5.95 10 -0.75 -5.95 -10 -0.75
5 24 -5.58 -10 -2.21 -5.58 10 -2.21 -5.95 10 -0.75 -4.85 -10 -3.53
5 24 -5.95 10 -0.75 -5.95 -10 -0.75 -5.58 -10 -2.21 -5.95 10 0.75
4 16 0.38 10 5.99 1.85 10 5.71 1.85 -10 5.71 0.38 -10 5.99
4 16 5.26 10 -2.89 5.26 -10 -2.89 5.81 -10 -1.49 5.81 10 -1.49
5 24 5.81 -10 -1.49 5.81 10 -1.49 5.26 10 -2.89 6 -10 0
4 16 -3.82 -10 -4.62 -3.82 10 -4.62 -4.85 10 -3.53 -4.85 -10 -3.53
5 24 -3.82 -10 -4.62 -3.82 10 -4.62 -4.85 10 -3.53 -2.55 -10 -5.43
5 24 -4.85 10 -3.53 -4.85 -10 -3.53 -3.82 -10 -4.62 -5.58 10 -2.21
4 16 5.81 10 -1.49 5.81 -10 -1.49 6 -10 0 6 10 0
4 16 -2.55 10 -5.43 -3.82 10 -4.62 -3.82 -10 -4.62 -2.55 -10 -5.43
4 16 -4.85 -10 -3.53 -4.85 10 -3.53 -5.58 10 -2.21 -5.58 -10 -2.21
4 16 0.38 10 -5.99 -1.12 10 -5.89 -1.12 -10 -5.89 0.38 -10 -5.99
4 16 -5.95 -10 -0.75 -5.95 10 -0.75 -5.95 10 0.75 -5.95 -10 0.75
5 24 -5.95 10 0.75 -5.95 -10 0.75 -5.95 -10 -0.75 -5.58 10 2.21
4 16 -5.95 -10 0.75 -5.95 10 0.75 -5.58 10 2.21 -5.58 -10 2.21
4 16 23.21 10 -5.07 21.85 10 -5.71 21.85 -10 -5.71 23.21 -10 -5.07
5 24 21.85 10 -5.71 21.85 -10 -5.71 23.21 -10 -5.07 20.38 10 -5.99
5 24 23.21 -10 -5.07 23.21 10 -5.07 21.85 10 -5.71 24.37 -10 -4.11
4 16 25.81 10 1.49 25.81 -10 1.49 25.26 -10 2.89 25.26 10 2.89
5 24 25.81 10 1.49 25.81 -10 1.49 25.26 -10 2.89 26 10 0
5 24 25.26 -10 2.89 25.26 10 2.89 25.81 10 1.49 24.37 -10 4.11
4 16 26 10 0 26 -10 0 25.81 -10 1.49 25.81 10 1.49
5 24 26 10 0 26 -10 0 25.81 -10 1.49 25.81 10 -1.49
4 16 25.26 10 2.89 25.26 -10 2.89 24.37 -10 4.11 24.37 10 4.11
5 24 24.37 -10 4.11 24.37 10 4.11 25.26 10 2.89 23.21 -10 5.07
4 16 24.37 10 -4.11 24.37 -10 -4.11 25.26 -10 -2.89 25.26 10 -2.89
5 24 24.37 10 -4.11 24.37 -10 -4.11 25.26 -10 -2.89 23.21 10 -5.07
5 24 25.26 -10 -2.89 25.26 10 -2.89 24.37 10 -4.11 25.81 -10 -1.49
4 16 18.88 10 5.89 20.38 10 5.99 20.38 -10 5.99 18.88 -10 5.89
5 24 20.38 10 5.99 20.38 -10 5.99 18.88 -10 5.89 21.85 10 5.71
5 24 18.88 -10 5.89 18.88 10 5.89 20.38 10 5.99 17.45 -10 5.43
4 16 16.18 10 4.62 17.45 10 5.43 17.45 -10 5.43 16.18 -10 4.62
5 24 17.45 10 5.43 17.45 -10 5.43 16.18 -10 4.62 18.88 10 5.89
5 24 16.18 -10 4.62 16.18 10 4.62 17.45 10 5.43 15.15 -10 3.53
4 16 23.21 10 5.07 24.37 10 4.11 24.37 -10 4.11 23.21 -10 5.07
5 24 23.21 -10 5.07 23.21 10 5.07 24.37 10 4.11 21.85 -10 5.71
4 16 15.15 -10 3.53 15.15 10 3.53 16.18 10 4.62 16.18 -10 4.62
5 24 15.15 -10 3.53 15.15 10 3.53 16.18 10 4.62 14.42 -10 2.21
4 16 24.37 10 -4.11 23.21 10 -5.07 23.21 -10 -5.07 24.37 -10 -4.11
4 16 21.85 10 -5.71 20.38 10 -5.99 20.38 -10 -5.99 21.85 -10 -5.71
5 24 20.38 10 -5.99 20.38 -10 -5.99 21.85 -10 -5.71 18.88 10 -5.89
4 16 17.45 10 5.43 18.88 10 5.89 18.88 -10 5.89 17.45 -10 5.43
4 16 21.85 10 5.71 23.21 10 5.07 23.21 -10 5.07 21.85 -10 5.71
5 24 21.85 -10 5.71 21.85 10 5.71 23.21 10 5.07 20.38 -10 5.99
4 16 18.88 10 -5.89 17.45 10 -5.43 17.45 -10 -5.43 18.88 -10 -5.89
5 24 17.45 10 -5.43 17.45 -10 -5.43 18.88 -10 -5.89 16.18 10 -4.62
5 24 18.88 -10 -5.89 18.88 10 -5.89 17.45 10 -5.43 20.38 -10 -5.99
4 16 14.42 -10 2.21 14.42 10 2.21 15.15 10 3.53 15.15 -10 3.53
5 24 14.42 -10 2.21 14.42 10 2.21 15.15 10 3.53 14.05 -10 0.75
4 16 14.42 -10 -2.21 14.42 10 -2.21 14.05 10 -0.75 14.05 -10 -0.75
5 24 14.42 -10 -2.21 14.42 10 -2.21 14.05 10 -0.75 15.15 -10 -3.53
5 24 14.05 10 -0.75 14.05 -10 -0.75 14.42 -10 -2.21 14.05 10 0.75
4 16 20.38 10 5.99 21.85 10 5.71 21.85 -10 5.71 20.38 -10 5.99
4 16 25.26 10 -2.89 25.26 -10 -2.89 25.81 -10 -1.49 25.81 10 -1.49
5 24 25.81 -10 -1.49 25.81 10 -1.49 25.26 10 -2.89 26 -10 0
4 16 16.18 -10 -4.62 16.18 10 -4.62 15.15 10 -3.53 15.15 -10 -3.53
5 24 16.18 -10 -4.62 16.18 10 -4.62 15.15 10 -3.53 17.45 -10 -5.43
5 24 15.15 10 -3.53 15.15 -10 -3.53 16.18 -10 -4.62 14.42 10 -2.21
4 16 25.81 10 -1.49 25.81 -10 -1.49 26 -10 0 26 10 0
4 16 17.45 10 -5.43 16.18 10 -4.62 16.18 -10 -4.62 17.45 -10 -5.43
4 16 15.15 -10 -3.53 15.15 10 -3.53 14.42 10 -2.21 14.42 -10 -2.21
4 16 20.38 10 -5.99 18.88 10 -5.89 18.88 -10 -5.89 20.38 -10 -5.99
4 16 14.05 -10 -0.75 14.05 10 -0.75 14.05 10 0.75 14.05 -10 0.75
5 24 14.05 10 0.75 14.05 -10 0.75 14.05 -10 -0.75 14.42 10 2.21
4 16 14.05 -10 0.75 14.05 10 0.75 14.42 10 2.21 14.42 -10 2.21
4 16 3.21 10 94.93 1.85 10 94.29 1.85 -10 94.29 3.21 -10 94.93
5 24 1.85 10 94.29 1.85 -10 94.29 3.21 -10 94.93 0.38 10 94.01
5 24 3.21 -10 94.93 3.21 10 94.93 1.85 10 94.29 4.37 -10 95.89
4 16 5.81 10 101.49 5.81 -10 101.49 5.26 -10 102.89 5.26 10 102.89
5 24 5.81 10 101.49 5.81 -10 101.49 5.26 -10 102.89 6 10 100
5 24 5.26 -10 102.89 5.26 10 102.89 5.81 10 101.49 4.37 -10 104.11
4 16 6 10 100 6 -10 100 5.81 -10 101.49 5.81 10 101.49
5 24 6 10 100 6 -10 100 5.81 -10 101.49 5.81 10 98.51
4 16 5.26 10 102.89 5.26 -10 102.89 4.37 -10 104.11 4.37 10 104.11
5 24 4.37 -10 104.11 4.37 10 104.11 5.26 10 102.89 3.21 -10 105.07
4 16 4.37 10 95.89 4.37 -10 95.89 5.26 -10 97.11 5.26 10 97.11
5 24 4.37 10 95.89 4.37 -10 95.89 5.26 -10 97.11 3.21 10 94.93
5 24 5.26 -10 97.11 5.26 10 97.11 4.37 10 95.89 5.81 -10 98.51
4 16 -1.12 10 105.89 0.38 10 105.99 0.38 -10 105.99 -1.12 -10 105.89
5 24 0.38 10 105.99 0.38 -10 105.99 -1.12 -10 105.89 1.85 10 105.71
5 24 -1.12 -10 105.89 -1.12 10 105.89 0.38 10 105.99 -2.55 -10 105.43
4 16 -3.82 10 104.62 -2.55 10 105.43 -2.55 -10 105.43 -3.82 -10 104.62
5 24 -2.55 10 105.43 -2.55 -10 105.43 -3.82 -10 104.62 -1.12 10 105.89
5 24 -3.82 -10 104.62 -3.82 10 104.62 -2.55 10 105.43 -4.85 -10 103.53
4 16 3.21 10 105.07 4.37 10 104.11 4.37 -10 104.11 3.21 -10 105.07
5 24 3.21 -10 105.07 3.21 10 105.07 4.37 10 104.11 1.85 -10 105.71
4 16 -4.85 -10 103.53 -4.85 10 103.53 -3.82 10 104.62 -3.82 -10 104.62
5 24 -4.85 -10 103.53 -4.85 10 103.53 -3.82 10 104.62 -5.58 -10 102.21
4 16 4.37 10 95.89 3.21 10 94.93 3.21 -10 94.93 4.37 -10 95.89
4 16 1.85 10 94.29 0.38 10 94.01 0.38 -10 94.01 1.85 -10 94.29
5 24 0.38 10 94.01 0.38 -10 94.01 1.85 -10 94.29 -1.12 10 94.11
4 16 -2.55 10 105.43 -1.12 10 105.89 -1.12 -10 105.89 -2.55 -10 105.43
4 16 1.85 10 105.71 3.21 10 105.07 3.21 -10 105.07 1.85 -10 105.71
5 24 1.85 -10 105.71 1.85 10 105.71 3.21 10 105.07 0.38 -10 105.99
4 16 -1.12 10 94.11 -2.55 10 94.57 -2.55 -10 94.57 -1.12 -10 94.11
5 24 -2.55 10 94.57 -2.55 -10 94.57 -1.12 -10 94.11 -3.82 10 95.38
5 24 -1.12 -10 94.11 -1.12 10 94.11 -2.55 10 94.57 0.38 -10 94.01
4 16 -5.58 -10 102.21 -5.58 10 102.21 -4.85 10 103.53 -4.85 -10 103.53
5 24 -5.58 -10 102.21 -5.58 10 102.21 -4.85 10 103.53 -5.95 -10 100.75
4 16 -5.58 -10 97.79 -5.58 10 97.79 -5.95 10 99.25 -5.95 -10 99.25
5 24 -5.58 -10 97.79 -5.58 10 97.79 -5.95 10 99.25 -4.85 -10 96.47
5 24 -5.95 10 99.25 -5.95 -10 99.25 -5.58 -10 97.79 -5.95 10 100.75
4 16 0.38 10 105.99 1.85 10 105.71 1.85 -10 105.71 0.38 -10 105.99
4 16 5.26 10 97.11 5.26 -10 97.11 5.81 -10 98.51 5.81 10 98.51
5 24 5.81 -10 98.51 5.81 10 98.51 5.26 10 97.11 6 -10 100
4 16 -3.82 -10 95.38 -3.82 10 95.38 -4.85 10 96.47 -4.85 -10 96.47
5 24 -3.82 -10 95.38 -3.82 10 95.38 -4.85 10 96.47 -2.55 -10 94.57
5 24 -4.85 10 96.47 -4.85 -10 96.47 -3.82 -10 95.38 -5.58 10 97.79
4 16 5.81 10 98.51 5.81 -10 98.51 6 -10 100 6 10 100
4 16 -2.55 10 94.57 -3.82 10 95.38 -3.82 -10 95.38 -2.55 -10 94.57
4 16 -4.85 -10 96.47 -4.85 10 96.47 -5.58 10 97.79 -5.58 -10 97.79
4 16 0.38 10 94.01 -1.12 10 94.11 -1.12 -10 94.11 0.38 -10 94.01
4 16 -5.95 -10 99.25 -5.95 10 99.25 -5.95 10 100.75 -5.95 -10 100.75
5 24 -5.95 10 100.75 -5.95 -10 100.75 -5.95 -10 99.25 -5.58 10 102.21
4 16 -5.95 -10 100.75 -5.95 10 100.75 -5.58 10 102.21 -5.58 -10 102.21
4 16 23.21 10 94.93 21.85 10 94.29 21.85 -10 94.29 23.21 -10 94.93
5 24 21.85 10 94.29 21.85 -10 94.29 23.21 -10 94.93 20.38 10 94.01
5 24 23.21 -10 94.93 23.21 10 94.93 21.85 10 94.29 24.37 -10 95.89
4 16 25.81 10 101.49 25.81 -10 101.49 25.26 -10 102.89 25.26 10 102.89
5 24 25.81 10 101.49 25.81 -10 101.49 25.26 -10 102.89 26 10 100
5 24 25.26 -10 102.89 25.26 10 102.89 25.81 10 101.49 24.37 -10 104.11
4 16 26 10 100 26 -10 100 25.81 -10 101.49 25.81 10 101.49
5 24 26 10 100 26 -10 100 25.81 -10 101.49 25.81 10 98.51
4 16 25.26 10 102.89 25.26 -10 102.89 24.37 -10 104.11 24.37 10 104.11
5 24 24.37 -10 104.11 24.37 10 104.11 25.26 10 102.89 23.21 -10 105.07
4 16 24.37 10 95.89 24.37 -10 95.89 25.26 -10 97.11 25.26 10 97.11
5 24 24.37 10 95.89 24.37 -10 95.89 25.26 -10 97.11 23.21 10 94.93
5 24 25.26 -10 97.11 25.26 10 97.11 24.37 10 95.89 25.81 -10 98.51
4 16 18.88 10 105.89 20.38 10 105.99 20.38 -10 105.99 18.88 -10 105.89
5 24 20.38 10 105.99 20.38 -10 105.99 18.88 -10 105.89 21.85 10 105.71
5 24 18.88 -10 105.89 18.88 10 105.89 20.38 10 105.99 17.45 -10 105.43
4 16 16.18 10 104.62 17.45 10 105.43 17.45 -10 105.43 16.18 -10 104.62
5 24 17.45 10 105.43 17.45 -10 105.43 16.18 -10 104.62 18.88 10 105.89
5 24 16.18 -10 104.62 16.18 10 104.62 17.45 10 105.43 15.15 -10 103.53
4 16 23.21 10 105.07 24.37 10 104.11 24.37 -10 104.11 23.21 -10 105.07
5 24 23.21 -10 105.07 23.21 10 105.07 24.37 10 104.11 21.85 -10 105.71
4 16 15.15 -10 103.53 15.15 10 103.53 16.18 10 104.62 16.18 -10 104.62
5 24 15.15 -10 103.53 15.15 10 103.53 16.18 10 104.62 14.42 -10 102.21
4 16 24.37 10 95.89 23.21 10 94.93 23.21 -10 94.93 24.37 -10 95.89
4 16 21.85 10 94.29 20.38 10 94.01 20.38 -10 94.01 21.85 -10 94.29
5 24 20.38 10 94.01 20.38 -10 94.01 21.85 -10 94.29 18.88 10 94.11
4 16 17.45 10 105.43 18.88 10 105.89 18.88 -10 105.89 17.45 -10 105.43
4 16 21.85 10 105.71 23.21 10 105.07 23.21 -10 105.07 21.85 -10 105.71
5 24 21.85 -10 105.71 21.85 10 105.71 23.21 10 105.07 20.38 -10 105.99
4 16 18.88 10 94.11 17.45 10 94.57 17.45 -10 94.57 18.88 -10 94.11
5 24 17.45 10 94.57 17.45 -10 94.57 18.88 -10 94.11 16.18 10 95.38
5 24 18.88 -10 94.11 18.88 10 94.11 17.45 10 94.57 20.38 -10 94.01
4 16 14.42 -10 102.21 14.42 10 102.21 15.15 10 103.53 15.15 -10 103.53
5 24 14.42 -10 102.21 14.42 10 102.21 15.15 10 103.53 14.05 -10 100.75
4 16 14.42 -10 97.79 14.42 10 97.79 14.05 10 99.25 14.05 -10 99.25
5 24 14.42 -10 97.79 14.42 10 97.79 14.05 10 99.25 15.15 -10 96.47
5 24 14.05 10 99.25 14.05 -10 99.25 14.42 -10 97.79 14.05 10 100.75
4 16 20.38 10 105.99 21.85 10 105.71 21.85 -10 105.71 20.38 -10 105.99
4 16 25.26 10 97.11 25.26 -10 97.11 25.81 -10 98.51 25.81 10 98.51
5 24 25.81 -10 98.51 25.81 10 98.51 25.26 10 97.11 26 -10 100
4 16 16.18 -10 95.38 16.18 10 95.38 15.15 10 96.47 15.15 -10 96.47
5 24 16.18 -10 95.38 16.18 10 95.38 15.15 10 96.47 17.45 -10 94.57
5 24 15.15 10 96.47 15.15 -10 96.47 16.18 -10 95.38 14.42 10 97.79
4 16 25.81 10 98.51 25.81 -10 98.51 26 -10 100 26 10 100
4 16 17.45 10 94.57 16.18 10 95.38 16.18 -10 95.38 17.45 -10 94.57
4 16 15.15 -10 96.47 15.15 10 96.47 14.42 10 97.79 14.42 -10 97.79
4 16 20.38 10 94.01 18.88 10 94.11 18.88 -10 94.11 20.38 -10 94.01
4 16 14.05 -10 99.25 14.05 10 99.25 14.05 10 100.75 14.05 -10 100.75
5 24 14.05 10 100.75 14.05 -10 100.75 14.05 -10 99.25 14.42 10 102.21
4 16 14.05 -10 100.75 14.05 10 100.75 14.42 10 102.21 14.42 -10 102.21
4 16 -10 10 -10 -10 -10 -10 -10 -10 110 -10 10 110
2 24 -10 10 -10 -10 -10 -10
2 24 -10 -10 110 -10 10 110
4 16 30 -10 -10 30 10 -10 30 10 110 30 -10 110
2 24 30 -10 -10 30 10 -10
2 24 30 10 110 30 -10 110
4 16 30 10 110 -10 10 110 -10 -10 110 30 -10 110
4 16 -10 10 -10 30 10 -10 30 -10 -10 -10 -10 -10
4 16 26.25 10 25 26.25 -4.99 25 26.25 -4.99 75 26.25 10 75
2 24 26.25 10 25 26.25 -4.99 25
2 24 26.25 -4.99 75 26.25 10 75
4 16 -6.25 -4.99 25 -6.25 10 25 -6.25 10 75 -6.25 -4.99 75
2 24 -6.25 -4.99 25 -6.25 10 25
2 24 -6.25 10 75 -6.25 -4.99 75
4 16 -6.25 10 75 26.25 10 75 26.25 -4.99 75 -6.25 -4.99 75
4 16 26.25 10 25 -6.25 10 25 -6.25 -4.99 25 26.25 -4.99 25
4 16 28.75 -4.99 22.5 28.75 -10 22.5 28.75 -10 77.5 28.75 -4.99 77.5
2 24 28.75 -4.99 22.5 28.75 -10 22.5
2 24 28.75 -10 77.5 28.75 -4.99 77.5
4 16 -8.75 -10 22.5 -8.75 -4.99 22.5 -8.75 -4.99 77.5 -8.75 -10 77.5
2 24 -8.75 -10 22.5 -8.75 -4.99 22.5
2 24 -8.75 -4.99 77.5 -8.75 -10 77.5
4 16 -8.75 -4.99 77.5 28.75 -4.99 77.5 28.75 -10 77.5 -8.75 -10 77.5
4 16 28.75 -4.99 22.5 -8.75 -4.99 22.5 -8.75 -10 22.5 28.75 -10 22.5
