0 Gearbox Motor
0 Name: parts/gearbox-motor.dat
0 Author: Ondřej Tůma
0 !CATEGORY m-Bitbeam
0 !LDRAW_ORG Unofficial_Part
0 !LICENSE Redistributable under CCAL version 2.0 : see CAreadme.txt

0 BFC CERTIFY CCW

0 // Created with stl2dat conversion tool

3 16 61.0245 -3.31205 48.125 49.9865 -4.625 48.125 60.0708 -4.625 48.125
2 24 49.9865 -4.625 48.125 60.0708 -4.625 48.125
2 24 61.0245 -3.31205 48.125 60.0708 -4.625 48.125
4 16 61.659 -1.70974 48.125 49.9865 4.625 48.125 49.9865 -4.625 48.125 61.0245 -3.31205 48.125
2 24 61.659 -1.70974 48.125 61.0245 -3.31205 48.125
4 16 49.9865 -4.625 48.125 48.1792 -0.861665 48.125 48.6077 -2.53085 48.125 49.438 -4.04103 48.125
2 24 48.6077 -2.53085 48.125 48.1792 -0.861665 48.125
2 24 49.438 -4.04103 48.125 48.6077 -2.53085 48.125
2 24 49.9865 -4.625 48.125 49.438 -4.04103 48.125
4 16 49.9865 4.625 48.125 61.659 -1.70974 48.125 61.875 0 48.125 61.659 1.70974 48.125
2 24 61.875 0 48.125 61.659 -1.70974 48.125
2 24 61.659 1.70974 48.125 61.875 0 48.125
4 16 49.9865 -4.625 48.125 49.9865 4.625 48.125 48.1792 0.861665 48.125 48.1792 -0.861665 48.125
2 24 48.1792 -0.861665 48.125 48.1792 0.861665 48.125
4 16 49.9865 4.625 48.125 61.659 1.70974 48.125 61.0245 3.31205 48.125 60.0708 4.625 48.125
2 24 61.0245 3.31205 48.125 61.659 1.70974 48.125
2 24 60.0708 4.625 48.125 61.0245 3.31205 48.125
2 24 60.0708 4.625 48.125 49.9865 4.625 48.125
4 16 48.1792 0.861665 48.125 49.9865 4.625 48.125 49.438 4.04103 48.125 48.6077 2.53085 48.125
2 24 49.438 4.04103 48.125 49.9865 4.625 48.125
2 24 48.6077 2.53085 48.125 49.438 4.04103 48.125
2 24 48.1792 0.861665 48.125 48.6077 2.53085 48.125

4 16 48.6077 -2.53085 -48.125 48.1792 -0.861665 -48.125 49.9865 -4.625 -48.125 49.438 -4.04103 -48.125
2 24 48.1792 -0.861665 -48.125 48.6077 -2.53085 -48.125
2 24 49.438 -4.04103 -48.125 49.9865 -4.625 -48.125
2 24 48.6077 -2.53085 -48.125 49.438 -4.04103 -48.125
3 16 49.9865 -4.625 -48.125 61.0245 -3.31205 -48.125 60.0708 -4.625 -48.125
2 24 60.0708 -4.625 -48.125 61.0245 -3.31205 -48.125
2 24 60.0708 -4.625 -48.125 49.9865 -4.625 -48.125
4 16 49.9865 -4.625 -48.125 49.9865 4.625 -48.125 61.659 -1.70974 -48.125 61.0245 -3.31205 -48.125
2 24 61.0245 -3.31205 -48.125 61.659 -1.70974 -48.125
4 16 49.9865 4.625 -48.125 49.9865 -4.625 -48.125 48.1792 -0.861665 -48.125 48.1792 0.861665 -48.125
2 24 48.1792 0.861665 -48.125 48.1792 -0.861665 -48.125
4 16 61.659 -1.70974 -48.125 49.9865 4.625 -48.125 61.659 1.70974 -48.125 61.875 0 -48.125
2 24 61.875 0 -48.125 61.659 1.70974 -48.125
2 24 61.659 -1.70974 -48.125 61.875 0 -48.125
4 16 49.9865 4.625 -48.125 48.1792 0.861665 -48.125 48.6077 2.53085 -48.125 49.438 4.04103 -48.125
2 24 48.6077 2.53085 -48.125 48.1792 0.861665 -48.125
2 24 49.438 4.04103 -48.125 48.6077 2.53085 -48.125
2 24 49.9865 4.625 -48.125 49.438 4.04103 -48.125
4 16 61.659 1.70974 -48.125 49.9865 4.625 -48.125 60.0708 4.625 -48.125 61.0245 3.31205 -48.125
2 24 49.9865 4.625 -48.125 60.0708 4.625 -48.125
2 24 61.0245 3.31205 -48.125 60.0708 4.625 -48.125
2 24 61.659 1.70974 -48.125 61.0245 3.31205 -48.125

3 16 -0.296367 -17.7003 -23.125 -0.296367 17.7003 -23.125 0.76686 17.6334 -23.125
2 24 0.76686 17.6334 -23.125 -0.296367 17.7003 -23.125
4 16 -1.30956 -18.0295 -23.125 -1.30956 18.0295 -23.125 -0.296367 17.7003 -23.125 -0.296367 -17.7003 -23.125
2 24 -0.296367 17.7003 -23.125 -1.30956 18.0295 -23.125
2 24 -1.30956 -18.0295 -23.125 -0.296367 -17.7003 -23.125
4 16 -22.75 13.9829 -23.125 -2.20905 18.6003 -23.125 -1.30956 18.0295 -23.125 -1.30956 -18.0295 -23.125
2 24 -1.30956 18.0295 -23.125 -2.20905 18.6003 -23.125
3 16 -22.75 13.9829 -23.125 -2.93832 19.3769 -23.125 -2.20905 18.6003 -23.125
2 24 -2.20905 18.6003 -23.125 -2.93832 19.3769 -23.125
3 16 -22.75 13.9829 -23.125 -3.45155 20.3105 -23.125 -2.93832 19.3769 -23.125
2 24 -2.93832 19.3769 -23.125 -3.45155 20.3105 -23.125
3 16 -22.75 13.9829 -23.125 -3.71648 21.3423 -23.125 -3.45155 20.3105 -23.125
2 24 -3.45155 20.3105 -23.125 -3.71648 21.3423 -23.125
4 16 -22.75 28.125 -23.125 -3.71648 22.4077 -23.125 -3.71648 21.3423 -23.125 -22.75 13.9829 -23.125
2 24 -3.71648 21.3423 -23.125 -3.71648 22.4077 -23.125
2 24 -22.75 28.125 -23.125 -22.75 13.9829 -23.125
3 16 -3.71648 22.4077 -23.125 -22.75 28.125 -23.125 -3.45155 23.4395 -23.125
2 24 -3.71648 22.4077 -23.125 -3.45155 23.4395 -23.125
3 16 -3.45155 23.4395 -23.125 -22.75 28.125 -23.125 -2.93832 24.3731 -23.125
2 24 -3.45155 23.4395 -23.125 -2.93832 24.3731 -23.125
3 16 -2.93832 24.3731 -23.125 -22.75 28.125 -23.125 -2.20905 25.1497 -23.125
2 24 -2.93832 24.3731 -23.125 -2.20905 25.1497 -23.125
3 16 -0.296367 26.0497 -23.125 -22.75 28.125 -23.125 0.76686 26.1165 -23.125
2 24 -0.296367 26.0497 -23.125 0.76686 26.1165 -23.125
3 16 -1.30956 25.7205 -23.125 -22.75 28.125 -23.125 -0.296367 26.0497 -23.125
2 24 -1.30956 25.7205 -23.125 -0.296367 26.0497 -23.125
3 16 -2.20905 25.1497 -23.125 -22.75 28.125 -23.125 -1.30956 25.7205 -23.125
2 24 -2.20905 25.1497 -23.125 -1.30956 25.7205 -23.125
3 16 -22.75 -28.125 -23.125 0.76686 -26.1165 -23.125 80 -28.125 -23.125
2 24 -22.75 -28.125 -23.125 80 -28.125 -23.125
3 16 -22.75 -28.125 -23.125 -0.296367 -26.0497 -23.125 0.76686 -26.1165 -23.125
2 24 0.76686 -26.1165 -23.125 -0.296367 -26.0497 -23.125
3 16 -22.75 -28.125 -23.125 -1.30956 -25.7205 -23.125 -0.296367 -26.0497 -23.125
2 24 -0.296367 -26.0497 -23.125 -1.30956 -25.7205 -23.125
3 16 -22.75 -28.125 -23.125 -2.20905 -25.1497 -23.125 -1.30956 -25.7205 -23.125
2 24 -1.30956 -25.7205 -23.125 -2.20905 -25.1497 -23.125
3 16 -22.75 -28.125 -23.125 -2.93832 -24.3731 -23.125 -2.20905 -25.1497 -23.125
2 24 -2.20905 -25.1497 -23.125 -2.93832 -24.3731 -23.125
3 16 -22.75 -28.125 -23.125 -3.45155 -23.4395 -23.125 -2.93832 -24.3731 -23.125
2 24 -2.93832 -24.3731 -23.125 -3.45155 -23.4395 -23.125
3 16 -22.75 -28.125 -23.125 -3.71648 -22.4077 -23.125 -3.45155 -23.4395 -23.125
2 24 -3.45155 -23.4395 -23.125 -3.71648 -22.4077 -23.125
3 16 -22.75 -28.125 -23.125 -3.71648 -21.3423 -23.125 -3.71648 -22.4077 -23.125
2 24 -3.71648 -22.4077 -23.125 -3.71648 -21.3423 -23.125
4 16 -22.75 -13.9829 -23.125 -3.45155 -20.3105 -23.125 -3.71648 -21.3423 -23.125 -22.75 -28.125 -23.125
2 24 -3.71648 -21.3423 -23.125 -3.45155 -20.3105 -23.125
2 24 -22.75 -13.9829 -23.125 -22.75 -28.125 -23.125
3 16 -3.45155 -20.3105 -23.125 -22.75 -13.9829 -23.125 -2.93832 -19.3769 -23.125
2 24 -3.45155 -20.3105 -23.125 -2.93832 -19.3769 -23.125
3 16 -2.93832 -19.3769 -23.125 -22.75 -13.9829 -23.125 -2.20905 -18.6003 -23.125
2 24 -2.93832 -19.3769 -23.125 -2.20905 -18.6003 -23.125
4 16 -22.75 13.9829 -23.125 -1.30956 -18.0295 -23.125 -2.20905 -18.6003 -23.125 -22.75 -13.9829 -23.125
2 24 -2.20905 -18.6003 -23.125 -1.30956 -18.0295 -23.125
3 16 1.81332 -25.917 -23.125 80 -28.125 -23.125 0.76686 -26.1165 -23.125
2 24 1.81332 -25.917 -23.125 0.76686 -26.1165 -23.125
3 16 2.77725 -25.4635 -23.125 80 -28.125 -23.125 1.81332 -25.917 -23.125
2 24 2.77725 -25.4635 -23.125 1.81332 -25.917 -23.125
3 16 3.59812 -24.7843 -23.125 80 -28.125 -23.125 2.77725 -25.4635 -23.125
2 24 3.59812 -24.7843 -23.125 2.77725 -25.4635 -23.125
3 16 4.2243 -23.9224 -23.125 80 -28.125 -23.125 3.59812 -24.7843 -23.125
2 24 4.2243 -23.9224 -23.125 3.59812 -24.7843 -23.125
3 16 49.9865 -4.625 -23.125 4.2243 -23.9224 -23.125 4.61648 -22.9319 -23.125
2 24 4.61648 -22.9319 -23.125 4.2243 -23.9224 -23.125
3 16 49.9865 -4.625 -23.125 4.61648 -22.9319 -23.125 4.75 -21.875 -23.125
2 24 4.75 -21.875 -23.125 4.61648 -22.9319 -23.125
4 16 49.438 -4.04103 -23.125 49.9865 -4.625 -23.125 4.75 -21.875 -23.125 4.61858 -20.8347 -23.125
2 24 49.438 -4.04103 -23.125 49.9865 -4.625 -23.125
2 24 4.61858 -20.8347 -23.125 4.75 -21.875 -23.125
3 16 49.438 -4.04103 -23.125 4.61858 -20.8347 -23.125 4.61648 -20.8181 -23.125
2 24 4.61648 -20.8181 -23.125 4.61858 -20.8347 -23.125
4 16 48.6077 -2.53085 -23.125 49.438 -4.04103 -23.125 4.61648 -20.8181 -23.125 4.2243 -19.8276 -23.125
2 24 48.6077 -2.53085 -23.125 49.438 -4.04103 -23.125
2 24 4.2243 -19.8276 -23.125 4.61648 -20.8181 -23.125
4 16 48.1792 -0.861665 -23.125 48.6077 -2.53085 -23.125 4.2243 -19.8276 -23.125 3.59812 -18.9657 -23.125
2 24 48.1792 -0.861665 -23.125 48.6077 -2.53085 -23.125
2 24 3.59812 -18.9657 -23.125 4.2243 -19.8276 -23.125
3 16 3.59812 18.9657 -23.125 3.59812 -18.9657 -23.125 2.77725 -18.2866 -23.125
2 24 2.77725 -18.2866 -23.125 3.59812 -18.9657 -23.125
4 16 2.77725 18.2866 -23.125 3.59812 18.9657 -23.125 2.77725 -18.2866 -23.125 1.81332 -17.833 -23.125
2 24 3.59812 18.9657 -23.125 2.77725 18.2866 -23.125
2 24 1.81332 -17.833 -23.125 2.77725 -18.2866 -23.125
4 16 1.81332 17.833 -23.125 2.77725 18.2866 -23.125 1.81332 -17.833 -23.125 0.76686 -17.6334 -23.125
2 24 2.77725 18.2866 -23.125 1.81332 17.833 -23.125
2 24 0.76686 -17.6334 -23.125 1.81332 -17.833 -23.125
4 16 -0.296367 -17.7003 -23.125 0.76686 17.6334 -23.125 1.81332 17.833 -23.125 0.76686 -17.6334 -23.125
2 24 1.81332 17.833 -23.125 0.76686 17.6334 -23.125
2 24 -0.296367 -17.7003 -23.125 0.76686 -17.6334 -23.125
4 16 4.2243 -23.9224 -23.125 49.9865 -4.625 -23.125 60.0708 -4.625 -23.125 80 -28.125 -23.125
2 24 49.9865 -4.625 -23.125 60.0708 -4.625 -23.125
3 16 61.0245 -3.31205 -23.125 80 -28.125 -23.125 60.0708 -4.625 -23.125
2 24 60.0708 -4.625 -23.125 61.0245 -3.31205 -23.125
3 16 61.659 -1.70974 -23.125 80 -28.125 -23.125 61.0245 -3.31205 -23.125
2 24 61.0245 -3.31205 -23.125 61.659 -1.70974 -23.125
3 16 61.875 0 -23.125 80 -28.125 -23.125 61.659 -1.70974 -23.125
2 24 61.659 -1.70974 -23.125 61.875 0 -23.125
4 16 80 28.125 -23.125 80 -28.125 -23.125 61.875 0 -23.125 61.659 1.70974 -23.125
2 24 80 -28.125 -23.125 80 28.125 -23.125
2 24 61.875 0 -23.125 61.659 1.70974 -23.125
3 16 80 28.125 -23.125 61.659 1.70974 -23.125 61.0245 3.31205 -23.125
2 24 61.659 1.70974 -23.125 61.0245 3.31205 -23.125
4 16 48.1792 -0.861665 -23.125 3.59812 -18.9657 -23.125 3.59812 18.9657 -23.125 48.1792 0.861665 -23.125
2 24 48.1792 0.861665 -23.125 48.1792 -0.861665 -23.125
3 16 4.2243 19.8276 -23.125 48.1792 0.861665 -23.125 3.59812 18.9657 -23.125
2 24 4.2243 19.8276 -23.125 3.59812 18.9657 -23.125
4 16 48.1792 0.861665 -23.125 4.2243 19.8276 -23.125 4.61648 20.8181 -23.125 48.6077 2.53085 -23.125
2 24 4.61648 20.8181 -23.125 4.2243 19.8276 -23.125
2 24 48.6077 2.53085 -23.125 48.1792 0.861665 -23.125
4 16 48.6077 2.53085 -23.125 4.61648 20.8181 -23.125 4.75 21.875 -23.125 49.438 4.04103 -23.125
2 24 4.75 21.875 -23.125 4.61648 20.8181 -23.125
2 24 49.438 4.04103 -23.125 48.6077 2.53085 -23.125
4 16 49.438 4.04103 -23.125 4.75 21.875 -23.125 4.61648 22.9319 -23.125 49.9865 4.625 -23.125
2 24 4.61648 22.9319 -23.125 4.75 21.875 -23.125
2 24 49.9865 4.625 -23.125 49.438 4.04103 -23.125
3 16 4.2243 23.9224 -23.125 49.9865 4.625 -23.125 4.61648 22.9319 -23.125
2 24 4.2243 23.9224 -23.125 4.61648 22.9319 -23.125
4 16 80 28.125 -23.125 60.0708 4.625 -23.125 49.9865 4.625 -23.125 4.2243 23.9224 -23.125
2 24 60.0708 4.625 -23.125 49.9865 4.625 -23.125
3 16 80 28.125 -23.125 4.2243 23.9224 -23.125 3.59812 24.7843 -23.125
2 24 3.59812 24.7843 -23.125 4.2243 23.9224 -23.125
3 16 80 28.125 -23.125 3.59812 24.7843 -23.125 2.77725 25.4635 -23.125
2 24 2.77725 25.4635 -23.125 3.59812 24.7843 -23.125
3 16 80 28.125 -23.125 2.77725 25.4635 -23.125 1.81332 25.917 -23.125
2 24 1.81332 25.917 -23.125 2.77725 25.4635 -23.125
3 16 60.0708 4.625 -23.125 80 28.125 -23.125 61.0245 3.31205 -23.125
2 24 61.0245 3.31205 -23.125 60.0708 4.625 -23.125
3 16 0.76686 26.1165 -23.125 80 28.125 -23.125 1.81332 25.917 -23.125
2 24 0.76686 26.1165 -23.125 1.81332 25.917 -23.125
3 16 80 28.125 -23.125 0.76686 26.1165 -23.125 -22.75 28.125 -23.125
2 24 80 28.125 -23.125 -22.75 28.125 -23.125
4 16 -80 13.9829 -23.125 -22.75 13.9829 -23.125 -22.75 -13.9829 -23.125 -80 -13.9829 -23.125
2 24 -22.75 13.9829 -23.125 -80 13.9829 -23.125
2 24 -80 -13.9829 -23.125 -22.75 -13.9829 -23.125
2 24 -80 13.9829 -23.125 -80 -13.9829 -23.125

3 16 80 -28.125 23.125 0.76686 -26.1165 23.125 -22.75 -28.125 23.125
2 24 80 -28.125 23.125 -22.75 -28.125 23.125
3 16 80 -28.125 23.125 1.81332 -25.917 23.125 0.76686 -26.1165 23.125
2 24 0.76686 -26.1165 23.125 1.81332 -25.917 23.125
3 16 80 -28.125 23.125 2.77725 -25.4635 23.125 1.81332 -25.917 23.125
2 24 1.81332 -25.917 23.125 2.77725 -25.4635 23.125
3 16 80 -28.125 23.125 3.59812 -24.7843 23.125 2.77725 -25.4635 23.125
2 24 2.77725 -25.4635 23.125 3.59812 -24.7843 23.125
3 16 80 -28.125 23.125 4.2243 -23.9224 23.125 3.59812 -24.7843 23.125
2 24 3.59812 -24.7843 23.125 4.2243 -23.9224 23.125
4 16 49.9865 -4.625 23.125 4.2243 -23.9224 23.125 80 -28.125 23.125 60.0708 -4.625 23.125
2 24 60.0708 -4.625 23.125 49.9865 -4.625 23.125
3 16 4.2243 -23.9224 23.125 49.9865 -4.625 23.125 4.61648 -22.9319 23.125
2 24 4.2243 -23.9224 23.125 4.61648 -22.9319 23.125
3 16 4.61648 -22.9319 23.125 49.9865 -4.625 23.125 4.61858 -22.9153 23.125
2 24 4.61648 -22.9319 23.125 4.61858 -22.9153 23.125
3 16 4.61858 -22.9153 23.125 49.9865 -4.625 23.125 4.75 -21.875 23.125
2 24 4.61858 -22.9153 23.125 4.75 -21.875 23.125
4 16 49.438 -4.04103 23.125 4.61648 -20.8181 23.125 4.75 -21.875 23.125 49.9865 -4.625 23.125
2 24 4.75 -21.875 23.125 4.61648 -20.8181 23.125
2 24 49.9865 -4.625 23.125 49.438 -4.04103 23.125
4 16 48.6077 -2.53085 23.125 4.2243 -19.8276 23.125 4.61648 -20.8181 23.125 49.438 -4.04103 23.125
2 24 4.61648 -20.8181 23.125 4.2243 -19.8276 23.125
2 24 49.438 -4.04103 23.125 48.6077 -2.53085 23.125
4 16 48.1792 -0.861665 23.125 3.59812 -18.9657 23.125 4.2243 -19.8276 23.125 48.6077 -2.53085 23.125
2 24 4.2243 -19.8276 23.125 3.59812 -18.9657 23.125
2 24 48.6077 -2.53085 23.125 48.1792 -0.861665 23.125
4 16 48.1792 0.861665 23.125 2.77725 -18.2866 23.125 3.59812 -18.9657 23.125 48.1792 -0.861665 23.125
2 24 3.59812 -18.9657 23.125 2.77725 -18.2866 23.125
2 24 48.1792 -0.861665 23.125 48.1792 0.861665 23.125
3 16 80 -28.125 23.125 61.0245 -3.31205 23.125 60.0708 -4.625 23.125
2 24 61.0245 -3.31205 23.125 60.0708 -4.625 23.125
3 16 80 -28.125 23.125 61.659 -1.70974 23.125 61.0245 -3.31205 23.125
2 24 61.659 -1.70974 23.125 61.0245 -3.31205 23.125
3 16 80 -28.125 23.125 61.875 0 23.125 61.659 -1.70974 23.125
2 24 61.875 0 23.125 61.659 -1.70974 23.125
4 16 80 28.125 23.125 61.659 1.70974 23.125 61.875 0 23.125 80 -28.125 23.125
2 24 61.659 1.70974 23.125 61.875 0 23.125
2 24 80 28.125 23.125 80 -28.125 23.125
3 16 80 28.125 23.125 49.9865 4.625 23.125 60.0708 4.625 23.125
2 24 49.9865 4.625 23.125 60.0708 4.625 23.125
4 16 49.9865 4.625 23.125 0.76686 17.6334 23.125 -0.296367 17.7003 23.125 -22.75 13.9829 23.125
2 24 -0.296367 17.7003 23.125 0.76686 17.6334 23.125
3 16 49.9865 4.625 23.125 1.81332 17.833 23.125 0.76686 17.6334 23.125
2 24 0.76686 17.6334 23.125 1.81332 17.833 23.125
3 16 49.9865 4.625 23.125 2.77725 18.2866 23.125 1.81332 17.833 23.125
2 24 1.81332 17.833 23.125 2.77725 18.2866 23.125
3 16 49.9865 4.625 23.125 3.59812 18.9657 23.125 2.77725 18.2866 23.125
2 24 2.77725 18.2866 23.125 3.59812 18.9657 23.125
3 16 49.9865 4.625 23.125 4.2243 19.8276 23.125 3.59812 18.9657 23.125
2 24 3.59812 18.9657 23.125 4.2243 19.8276 23.125
3 16 49.9865 4.625 23.125 4.61648 20.8181 23.125 4.2243 19.8276 23.125
2 24 4.2243 19.8276 23.125 4.61648 20.8181 23.125
3 16 49.9865 4.625 23.125 4.61858 20.8347 23.125 4.61648 20.8181 23.125
2 24 4.61648 20.8181 23.125 4.61858 20.8347 23.125
3 16 49.9865 4.625 23.125 4.75 21.875 23.125 4.61858 20.8347 23.125
2 24 4.61858 20.8347 23.125 4.75 21.875 23.125
3 16 49.9865 4.625 23.125 4.7479 21.8916 23.125 4.75 21.875 23.125
2 24 4.75 21.875 23.125 4.7479 21.8916 23.125
3 16 49.9865 4.625 23.125 4.61648 22.9319 23.125 4.7479 21.8916 23.125
2 24 4.7479 21.8916 23.125 4.61648 22.9319 23.125
3 16 49.9865 4.625 23.125 4.2243 23.9224 23.125 4.61648 22.9319 23.125
2 24 4.61648 22.9319 23.125 4.2243 23.9224 23.125
4 16 49.9865 4.625 23.125 80 28.125 23.125 3.59812 24.7843 23.125 4.2243 23.9224 23.125
2 24 4.2243 23.9224 23.125 3.59812 24.7843 23.125
3 16 3.59812 24.7843 23.125 80 28.125 23.125 2.77725 25.4635 23.125
2 24 3.59812 24.7843 23.125 2.77725 25.4635 23.125
3 16 1.81332 25.917 23.125 80 28.125 23.125 0.76686 26.1165 23.125
2 24 1.81332 25.917 23.125 0.76686 26.1165 23.125
3 16 2.77725 25.4635 23.125 80 28.125 23.125 1.81332 25.917 23.125
2 24 2.77725 25.4635 23.125 1.81332 25.917 23.125
3 16 61.0245 3.31205 23.125 80 28.125 23.125 60.0708 4.625 23.125
2 24 60.0708 4.625 23.125 61.0245 3.31205 23.125
3 16 61.659 1.70974 23.125 80 28.125 23.125 61.0245 3.31205 23.125
2 24 61.0245 3.31205 23.125 61.659 1.70974 23.125
3 16 -0.296367 -26.0497 23.125 -22.75 -28.125 23.125 0.76686 -26.1165 23.125
2 24 -0.296367 -26.0497 23.125 0.76686 -26.1165 23.125
3 16 -1.30956 -25.7205 23.125 -22.75 -28.125 23.125 -0.296367 -26.0497 23.125
2 24 -1.30956 -25.7205 23.125 -0.296367 -26.0497 23.125
3 16 -2.20905 -25.1497 23.125 -22.75 -28.125 23.125 -1.30956 -25.7205 23.125
2 24 -2.20905 -25.1497 23.125 -1.30956 -25.7205 23.125
3 16 -2.93832 -24.3731 23.125 -22.75 -28.125 23.125 -2.20905 -25.1497 23.125
2 24 -2.93832 -24.3731 23.125 -2.20905 -25.1497 23.125
3 16 -3.45155 -23.4395 23.125 -22.75 -28.125 23.125 -2.93832 -24.3731 23.125
2 24 -3.45155 -23.4395 23.125 -2.93832 -24.3731 23.125
3 16 -3.71648 -22.4077 23.125 -22.75 -28.125 23.125 -3.45155 -23.4395 23.125
2 24 -3.71648 -22.4077 23.125 -3.45155 -23.4395 23.125
3 16 -3.71648 -21.3423 23.125 -22.75 -28.125 23.125 -3.71648 -22.4077 23.125
2 24 -3.71648 -21.3423 23.125 -3.71648 -22.4077 23.125
4 16 -22.75 -13.9829 23.125 -22.75 -28.125 23.125 -3.71648 -21.3423 23.125 -3.45155 -20.3105 23.125
2 24 -22.75 -28.125 23.125 -22.75 -13.9829 23.125
2 24 -3.45155 -20.3105 23.125 -3.71648 -21.3423 23.125
3 16 -22.75 -13.9829 23.125 -3.45155 -20.3105 23.125 -2.93832 -19.3769 23.125
2 24 -2.93832 -19.3769 23.125 -3.45155 -20.3105 23.125
3 16 -22.75 -13.9829 23.125 -2.93832 -19.3769 23.125 -2.20905 -18.6003 23.125
2 24 -2.20905 -18.6003 23.125 -2.93832 -19.3769 23.125
3 16 -22.75 -13.9829 23.125 -2.20905 -18.6003 23.125 -1.30956 -18.0295 23.125
2 24 -1.30956 -18.0295 23.125 -2.20905 -18.6003 23.125
3 16 -0.296367 -17.7003 23.125 -22.75 -13.9829 23.125 -1.30956 -18.0295 23.125
2 24 -0.296367 -17.7003 23.125 -1.30956 -18.0295 23.125
4 16 -22.75 -13.9829 23.125 -0.296367 -17.7003 23.125 0.76686 -17.6334 23.125 -22.75 13.9829 23.125
2 24 0.76686 -17.6334 23.125 -0.296367 -17.7003 23.125
4 16 48.6077 2.53085 23.125 1.81332 -17.833 23.125 2.77725 -18.2866 23.125 48.1792 0.861665 23.125
2 24 2.77725 -18.2866 23.125 1.81332 -17.833 23.125
2 24 48.1792 0.861665 23.125 48.6077 2.53085 23.125
4 16 -22.75 13.9829 23.125 1.81332 -17.833 23.125 48.6077 2.53085 23.125 49.438 4.04103 23.125
2 24 48.6077 2.53085 23.125 49.438 4.04103 23.125
3 16 1.81332 -17.833 23.125 -22.75 13.9829 23.125 0.76686 -17.6334 23.125
2 24 1.81332 -17.833 23.125 0.76686 -17.6334 23.125
3 16 -22.75 13.9829 23.125 49.438 4.04103 23.125 49.9865 4.625 23.125
2 24 49.438 4.04103 23.125 49.9865 4.625 23.125
4 16 -22.75 -13.9829 23.125 -22.75 13.9829 23.125 -80 13.9829 23.125 -80 -13.9829 23.125
2 24 -80 13.9829 23.125 -22.75 13.9829 23.125
2 24 -80 -13.9829 23.125 -80 13.9829 23.125
2 24 -22.75 -13.9829 23.125 -80 -13.9829 23.125
3 16 -1.30956 18.0295 23.125 -22.75 13.9829 23.125 -0.296367 17.7003 23.125
2 24 -1.30956 18.0295 23.125 -0.296367 17.7003 23.125
3 16 -2.20905 18.6003 23.125 -22.75 13.9829 23.125 -1.30956 18.0295 23.125
2 24 -2.20905 18.6003 23.125 -1.30956 18.0295 23.125
3 16 -2.93832 19.3769 23.125 -22.75 13.9829 23.125 -2.20905 18.6003 23.125
2 24 -2.93832 19.3769 23.125 -2.20905 18.6003 23.125
3 16 -3.45155 20.3105 23.125 -22.75 13.9829 23.125 -2.93832 19.3769 23.125
2 24 -3.45155 20.3105 23.125 -2.93832 19.3769 23.125
3 16 -3.71648 21.3423 23.125 -22.75 13.9829 23.125 -3.45155 20.3105 23.125
2 24 -3.71648 21.3423 23.125 -3.45155 20.3105 23.125
4 16 -22.75 28.125 23.125 -22.75 13.9829 23.125 -3.71648 21.3423 23.125 -3.71648 22.4077 23.125
2 24 -22.75 13.9829 23.125 -22.75 28.125 23.125
2 24 -3.71648 22.4077 23.125 -3.71648 21.3423 23.125
3 16 -22.75 28.125 23.125 -3.71648 22.4077 23.125 -3.45155 23.4395 23.125
2 24 -3.45155 23.4395 23.125 -3.71648 22.4077 23.125
3 16 -22.75 28.125 23.125 -3.45155 23.4395 23.125 -2.93832 24.3731 23.125
2 24 -2.93832 24.3731 23.125 -3.45155 23.4395 23.125
3 16 -22.75 28.125 23.125 -2.93832 24.3731 23.125 -2.20905 25.1497 23.125
2 24 -2.20905 25.1497 23.125 -2.93832 24.3731 23.125
3 16 -22.75 28.125 23.125 -2.20905 25.1497 23.125 -1.30956 25.7205 23.125
2 24 -1.30956 25.7205 23.125 -2.20905 25.1497 23.125
3 16 -0.296367 26.0497 23.125 -22.75 28.125 23.125 -1.30956 25.7205 23.125
2 24 -0.296367 26.0497 23.125 -1.30956 25.7205 23.125
3 16 0.76686 26.1165 23.125 -22.75 28.125 23.125 -0.296367 26.0497 23.125
2 24 0.76686 26.1165 23.125 -0.296367 26.0497 23.125
3 16 -22.75 28.125 23.125 0.76686 26.1165 23.125 80 28.125 23.125
2 24 -22.75 28.125 23.125 80 28.125 23.125

4 16 -80 13.9829 -23.125 -80 13.9829 23.125 -80 28.125 8.98287 -80 28.125 -8.98287
2 24 -80 28.125 8.98287 -80 13.9829 23.125
2 24 -80 28.125 -8.98287 -80 28.125 8.98287
2 24 -80 13.9829 -23.125 -80 28.125 -8.98287
4 16 -80 13.9829 23.125 -80 13.9829 -23.125 -80 -13.9829 -23.125 -80 -13.9829 23.125
4 16 -80 -13.9829 23.125 -80 -13.9829 -23.125 -80 -28.125 -8.98287 -80 -28.125 8.98287
2 24 -80 -28.125 -8.98287 -80 -13.9829 -23.125
2 24 -80 -28.125 8.98287 -80 -28.125 -8.98287
2 24 -80 -13.9829 23.125 -80 -28.125 8.98287

4 16 -80 28.125 -8.98287 -80 28.125 8.98287 -22.75 28.125 8.98287 -22.75 28.125 -8.98287
2 24 -22.75 28.125 8.98287 -80 28.125 8.98287
2 24 -80 28.125 -8.98287 -22.75 28.125 -8.98287
3 16 -22.75 28.125 -8.98287 80 28.125 -23.125 -22.75 28.125 -23.125
2 24 -22.75 28.125 -8.98287 -22.75 28.125 -23.125
4 16 80 28.125 -23.125 -22.75 28.125 -8.98287 -22.75 28.125 8.98287 80 28.125 23.125
2 24 80 28.125 -23.125 80 28.125 23.125
3 16 80 28.125 23.125 -22.75 28.125 8.98287 -22.75 28.125 23.125
2 24 -22.75 28.125 23.125 -22.75 28.125 8.98287

4 16 -80 -28.125 8.98287 -80 -28.125 -8.98287 -22.75 -28.125 -8.98287 -22.75 -28.125 8.98287
2 24 -22.75 -28.125 -8.98287 -80 -28.125 -8.98287
2 24 -80 -28.125 8.98287 -22.75 -28.125 8.98287
3 16 -22.75 -28.125 8.98287 80 -28.125 23.125 -22.75 -28.125 23.125
2 24 -22.75 -28.125 8.98287 -22.75 -28.125 23.125
4 16 80 -28.125 23.125 -22.75 -28.125 8.98287 -22.75 -28.125 -8.98287 80 -28.125 -23.125
2 24 80 -28.125 23.125 80 -28.125 -23.125
3 16 80 -28.125 -23.125 -22.75 -28.125 -8.98287 -22.75 -28.125 -23.125
2 24 -22.75 -28.125 -23.125 -22.75 -28.125 -8.98287

4 16 80 -28.125 23.125 80 -6.25 3.5 80 6.25 3.5 80 28.125 23.125
2 24 80 -6.25 3.5 80 6.25 3.5
4 16 80 -28.125 23.125 80 -28.125 -23.125 80 -6.25 -3.5 80 -6.25 3.5
2 24 80 -6.25 -3.5 80 -6.25 3.5
4 16 80 -6.25 -3.5 80 -28.125 -23.125 80 28.125 -23.125 80 6.25 -3.5
2 24 80 6.25 -3.5 80 -6.25 -3.5
4 16 80 6.25 -3.5 80 28.125 -23.125 80 28.125 23.125 80 6.25 3.5
2 24 80 6.25 3.5 80 6.25 -3.5

4 16 4.61648 20.8181 -23.125 4.61858 20.8347 23.125 4.75 21.875 23.125 4.75 21.875 -23.125
5 24 4.75 21.875 -23.125 4.75 21.875 23.125 4.7479 21.8916 23.125 4.61648 20.8181 -23.125
3 16 4.61858 20.8347 23.125 4.61648 20.8181 -23.125 4.61648 20.8181 23.125
5 24 4.61648 20.8181 -23.125 4.61648 20.8181 23.125 4.61858 20.8347 23.125 4.2243 19.8276 -23.125
4 16 4.61648 20.8181 -23.125 4.2243 19.8276 -23.125 4.2243 19.8276 23.125 4.61648 20.8181 23.125
5 24 4.2243 19.8276 -23.125 4.2243 19.8276 23.125 4.61648 20.8181 23.125 3.59812 18.9657 -23.125
4 16 1.81332 25.917 23.125 1.81332 25.917 -23.125 2.77725 25.4635 -23.125 2.77725 25.4635 23.125
5 24 1.81332 25.917 23.125 1.81332 25.917 -23.125 2.77725 25.4635 -23.125 0.76686 26.1165 23.125
5 24 2.77725 25.4635 -23.125 2.77725 25.4635 23.125 1.81332 25.917 23.125 3.59812 24.7843 -23.125
4 16 -3.45155 23.4395 -23.125 -2.93832 24.3731 -23.125 -2.93832 24.3731 23.125 -3.45155 23.4395 23.125
5 24 -2.93832 24.3731 -23.125 -2.93832 24.3731 23.125 -3.45155 23.4395 23.125 -2.20905 25.1497 -23.125
5 24 -3.45155 23.4395 23.125 -3.45155 23.4395 -23.125 -2.93832 24.3731 -23.125 -3.71648 22.4077 23.125
4 16 -1.30956 18.0295 -23.125 -1.30956 18.0295 23.125 -0.296367 17.7003 23.125 -0.296367 17.7003 -23.125
5 24 -1.30956 18.0295 -23.125 -1.30956 18.0295 23.125 -0.296367 17.7003 23.125 -2.20905 18.6003 -23.125
5 24 -0.296367 17.7003 23.125 -0.296367 17.7003 -23.125 -1.30956 18.0295 -23.125 0.76686 17.6334 23.125
4 16 4.75 21.875 -23.125 4.7479 21.8916 23.125 4.61648 22.9319 23.125 4.61648 22.9319 -23.125
5 24 4.61648 22.9319 -23.125 4.61648 22.9319 23.125 4.2243 23.9224 23.125 4.75 21.875 -23.125
3 16 4.7479 21.8916 23.125 4.75 21.875 -23.125 4.75 21.875 23.125
4 16 -2.20905 25.1497 23.125 -2.20905 25.1497 -23.125 -1.30956 25.7205 -23.125 -1.30956 25.7205 23.125
5 24 -2.20905 25.1497 23.125 -2.20905 25.1497 -23.125 -1.30956 25.7205 -23.125 -2.93832 24.3731 23.125
5 24 -1.30956 25.7205 -23.125 -1.30956 25.7205 23.125 -2.20905 25.1497 23.125 -0.296367 26.0497 -23.125
4 16 4.2243 19.8276 -23.125 3.59812 18.9657 -23.125 3.59812 18.9657 23.125 4.2243 19.8276 23.125
5 24 3.59812 18.9657 -23.125 3.59812 18.9657 23.125 4.2243 19.8276 23.125 2.77725 18.2866 -23.125
4 16 4.2243 23.9224 -23.125 4.61648 22.9319 -23.125 4.61648 22.9319 23.125 4.2243 23.9224 23.125
5 24 4.2243 23.9224 23.125 4.2243 23.9224 -23.125 4.61648 22.9319 -23.125 3.59812 24.7843 23.125
4 16 0.76686 17.6334 -23.125 0.76686 17.6334 23.125 1.81332 17.833 23.125 1.81332 17.833 -23.125
5 24 0.76686 17.6334 -23.125 0.76686 17.6334 23.125 1.81332 17.833 23.125 -0.296367 17.7003 -23.125
5 24 1.81332 17.833 23.125 1.81332 17.833 -23.125 0.76686 17.6334 -23.125 2.77725 18.2866 23.125
4 16 0.76686 26.1165 23.125 0.76686 26.1165 -23.125 1.81332 25.917 -23.125 1.81332 25.917 23.125
5 24 0.76686 26.1165 23.125 0.76686 26.1165 -23.125 1.81332 25.917 -23.125 -0.296367 26.0497 23.125
4 16 -2.93832 19.3769 -23.125 -3.45155 20.3105 -23.125 -3.45155 20.3105 23.125 -2.93832 19.3769 23.125
5 24 -3.45155 20.3105 -23.125 -3.45155 20.3105 23.125 -2.93832 19.3769 23.125 -3.71648 21.3423 -23.125
5 24 -2.93832 19.3769 23.125 -2.93832 19.3769 -23.125 -3.45155 20.3105 -23.125 -2.20905 18.6003 23.125
4 16 -2.20905 18.6003 -23.125 -2.93832 19.3769 -23.125 -2.93832 19.3769 23.125 -2.20905 18.6003 23.125
5 24 -2.20905 18.6003 23.125 -2.20905 18.6003 -23.125 -2.93832 19.3769 -23.125 -1.30956 18.0295 23.125
4 16 -1.30956 25.7205 23.125 -1.30956 25.7205 -23.125 -0.296367 26.0497 -23.125 -0.296367 26.0497 23.125
5 24 -0.296367 26.0497 -23.125 -0.296367 26.0497 23.125 -1.30956 25.7205 23.125 0.76686 26.1165 -23.125
4 16 1.81332 17.833 -23.125 1.81332 17.833 23.125 2.77725 18.2866 23.125 2.77725 18.2866 -23.125
5 24 2.77725 18.2866 23.125 2.77725 18.2866 -23.125 1.81332 17.833 -23.125 3.59812 18.9657 23.125
4 16 -0.296367 26.0497 23.125 -0.296367 26.0497 -23.125 0.76686 26.1165 -23.125 0.76686 26.1165 23.125
4 16 3.59812 24.7843 -23.125 4.2243 23.9224 -23.125 4.2243 23.9224 23.125 3.59812 24.7843 23.125
5 24 3.59812 24.7843 23.125 3.59812 24.7843 -23.125 4.2243 23.9224 -23.125 2.77725 25.4635 23.125
4 16 -2.20905 18.6003 -23.125 -2.20905 18.6003 23.125 -1.30956 18.0295 23.125 -1.30956 18.0295 -23.125
4 16 -3.45155 20.3105 -23.125 -3.71648 21.3423 -23.125 -3.71648 21.3423 23.125 -3.45155 20.3105 23.125
5 24 -3.71648 21.3423 -23.125 -3.71648 21.3423 23.125 -3.45155 20.3105 23.125 -3.71648 22.4077 -23.125
4 16 2.77725 18.2866 -23.125 2.77725 18.2866 23.125 3.59812 18.9657 23.125 3.59812 18.9657 -23.125
4 16 -3.71648 22.4077 -23.125 -3.45155 23.4395 -23.125 -3.45155 23.4395 23.125 -3.71648 22.4077 23.125
5 24 -3.71648 22.4077 23.125 -3.71648 22.4077 -23.125 -3.45155 23.4395 -23.125 -3.71648 21.3423 23.125
4 16 -0.296367 17.7003 -23.125 -0.296367 17.7003 23.125 0.76686 17.6334 23.125 0.76686 17.6334 -23.125
4 16 -3.71648 21.3423 -23.125 -3.71648 22.4077 -23.125 -3.71648 22.4077 23.125 -3.71648 21.3423 23.125
4 16 2.77725 25.4635 23.125 2.77725 25.4635 -23.125 3.59812 24.7843 -23.125 3.59812 24.7843 23.125
4 16 -2.93832 24.3731 -23.125 -2.20905 25.1497 -23.125 -2.20905 25.1497 23.125 -2.93832 24.3731 23.125
4 16 4.61648 -22.9319 -23.125 4.61858 -22.9153 23.125 4.75 -21.875 23.125 4.75 -21.875 -23.125
5 24 4.75 -21.875 -23.125 4.75 -21.875 23.125 4.61648 -20.8181 23.125 4.61648 -22.9319 -23.125
3 16 4.61858 -22.9153 23.125 4.61648 -22.9319 -23.125 4.61648 -22.9319 23.125
5 24 4.61648 -22.9319 -23.125 4.61648 -22.9319 23.125 4.61858 -22.9153 23.125 4.2243 -23.9224 -23.125
4 16 1.81332 -25.917 -23.125 1.81332 -25.917 23.125 2.77725 -25.4635 23.125 2.77725 -25.4635 -23.125
5 24 1.81332 -25.917 -23.125 1.81332 -25.917 23.125 2.77725 -25.4635 23.125 0.76686 -26.1165 -23.125
5 24 2.77725 -25.4635 23.125 2.77725 -25.4635 -23.125 1.81332 -25.917 -23.125 3.59812 -24.7843 23.125
4 16 4.61648 -22.9319 -23.125 4.2243 -23.9224 -23.125 4.2243 -23.9224 23.125 4.61648 -22.9319 23.125
5 24 4.2243 -23.9224 -23.125 4.2243 -23.9224 23.125 4.61648 -22.9319 23.125 3.59812 -24.7843 -23.125
4 16 1.81332 -17.833 23.125 1.81332 -17.833 -23.125 2.77725 -18.2866 -23.125 2.77725 -18.2866 23.125
5 24 1.81332 -17.833 23.125 1.81332 -17.833 -23.125 2.77725 -18.2866 -23.125 0.76686 -17.6334 23.125
5 24 2.77725 -18.2866 -23.125 2.77725 -18.2866 23.125 1.81332 -17.833 23.125 3.59812 -18.9657 -23.125
4 16 -3.71648 -22.4077 -23.125 -3.71648 -21.3423 -23.125 -3.71648 -21.3423 23.125 -3.71648 -22.4077 23.125
5 24 -3.71648 -21.3423 -23.125 -3.71648 -21.3423 23.125 -3.71648 -22.4077 23.125 -3.45155 -20.3105 -23.125
5 24 -3.71648 -22.4077 23.125 -3.71648 -22.4077 -23.125 -3.71648 -21.3423 -23.125 -3.45155 -23.4395 23.125
4 16 -2.20905 -25.1497 -23.125 -2.20905 -25.1497 23.125 -1.30956 -25.7205 23.125 -1.30956 -25.7205 -23.125
5 24 -2.20905 -25.1497 -23.125 -2.20905 -25.1497 23.125 -1.30956 -25.7205 23.125 -2.93832 -24.3731 -23.125
5 24 -1.30956 -25.7205 23.125 -1.30956 -25.7205 -23.125 -2.20905 -25.1497 -23.125 -0.296367 -26.0497 23.125
4 16 -2.20905 -25.1497 -23.125 -2.93832 -24.3731 -23.125 -2.93832 -24.3731 23.125 -2.20905 -25.1497 23.125
5 24 -2.93832 -24.3731 -23.125 -2.93832 -24.3731 23.125 -2.20905 -25.1497 23.125 -3.45155 -23.4395 -23.125
4 16 0.76686 -17.6334 23.125 0.76686 -17.6334 -23.125 1.81332 -17.833 -23.125 1.81332 -17.833 23.125
5 24 0.76686 -17.6334 23.125 0.76686 -17.6334 -23.125 1.81332 -17.833 -23.125 -0.296367 -17.7003 23.125
4 16 4.2243 -19.8276 -23.125 4.61648 -20.8181 -23.125 4.61648 -20.8181 23.125 4.2243 -19.8276 23.125
5 24 4.61648 -20.8181 -23.125 4.61648 -20.8181 23.125 4.2243 -19.8276 23.125 4.61858 -20.8347 -23.125
5 24 4.2243 -19.8276 23.125 4.2243 -19.8276 -23.125 4.61648 -20.8181 -23.125 3.59812 -18.9657 23.125
4 16 4.2243 -23.9224 -23.125 3.59812 -24.7843 -23.125 3.59812 -24.7843 23.125 4.2243 -23.9224 23.125
5 24 3.59812 -24.7843 -23.125 3.59812 -24.7843 23.125 4.2243 -23.9224 23.125 2.77725 -25.4635 -23.125
4 16 3.59812 -18.9657 -23.125 4.2243 -19.8276 -23.125 4.2243 -19.8276 23.125 3.59812 -18.9657 23.125
5 24 3.59812 -18.9657 23.125 3.59812 -18.9657 -23.125 4.2243 -19.8276 -23.125 2.77725 -18.2866 23.125
3 16 4.61858 -20.8347 -23.125 4.61648 -20.8181 23.125 4.61648 -20.8181 -23.125
4 16 4.61648 -20.8181 23.125 4.61858 -20.8347 -23.125 4.75 -21.875 -23.125 4.75 -21.875 23.125
4 16 2.77725 -18.2866 23.125 2.77725 -18.2866 -23.125 3.59812 -18.9657 -23.125 3.59812 -18.9657 23.125
4 16 -2.93832 -24.3731 -23.125 -3.45155 -23.4395 -23.125 -3.45155 -23.4395 23.125 -2.93832 -24.3731 23.125
5 24 -3.45155 -23.4395 -23.125 -3.45155 -23.4395 23.125 -2.93832 -24.3731 23.125 -3.71648 -22.4077 -23.125
4 16 -2.93832 -19.3769 -23.125 -2.20905 -18.6003 -23.125 -2.20905 -18.6003 23.125 -2.93832 -19.3769 23.125
5 24 -2.20905 -18.6003 -23.125 -2.20905 -18.6003 23.125 -2.93832 -19.3769 23.125 -1.30956 -18.0295 -23.125
5 24 -2.93832 -19.3769 23.125 -2.93832 -19.3769 -23.125 -2.20905 -18.6003 -23.125 -3.45155 -20.3105 23.125
4 16 -1.30956 -18.0295 23.125 -1.30956 -18.0295 -23.125 -0.296367 -17.7003 -23.125 -0.296367 -17.7003 23.125
5 24 -1.30956 -18.0295 23.125 -1.30956 -18.0295 -23.125 -0.296367 -17.7003 -23.125 -2.20905 -18.6003 23.125
5 24 -0.296367 -17.7003 -23.125 -0.296367 -17.7003 23.125 -1.30956 -18.0295 23.125 0.76686 -17.6334 -23.125
4 16 -3.45155 -20.3105 -23.125 -2.93832 -19.3769 -23.125 -2.93832 -19.3769 23.125 -3.45155 -20.3105 23.125
5 24 -3.45155 -20.3105 23.125 -3.45155 -20.3105 -23.125 -2.93832 -19.3769 -23.125 -3.71648 -21.3423 23.125
4 16 -2.20905 -18.6003 23.125 -2.20905 -18.6003 -23.125 -1.30956 -18.0295 -23.125 -1.30956 -18.0295 23.125
4 16 -0.296367 -17.7003 23.125 -0.296367 -17.7003 -23.125 0.76686 -17.6334 -23.125 0.76686 -17.6334 23.125
4 16 -1.30956 -25.7205 -23.125 -1.30956 -25.7205 23.125 -0.296367 -26.0497 23.125 -0.296367 -26.0497 -23.125
5 24 -0.296367 -26.0497 23.125 -0.296367 -26.0497 -23.125 -1.30956 -25.7205 -23.125 0.76686 -26.1165 23.125
4 16 -0.296367 -26.0497 -23.125 -0.296367 -26.0497 23.125 0.76686 -26.1165 23.125 0.76686 -26.1165 -23.125
5 24 0.76686 -26.1165 23.125 0.76686 -26.1165 -23.125 -0.296367 -26.0497 -23.125 1.81332 -25.917 23.125
4 16 0.76686 -26.1165 -23.125 0.76686 -26.1165 23.125 1.81332 -25.917 23.125 1.81332 -25.917 -23.125
4 16 2.77725 -25.4635 -23.125 2.77725 -25.4635 23.125 3.59812 -24.7843 23.125 3.59812 -24.7843 -23.125
4 16 -3.71648 -21.3423 -23.125 -3.45155 -20.3105 -23.125 -3.45155 -20.3105 23.125 -3.71648 -21.3423 23.125
4 16 -3.45155 -23.4395 -23.125 -3.71648 -22.4077 -23.125 -3.71648 -22.4077 23.125 -3.45155 -23.4395 23.125
4 16 -80 28.125 -8.98287 -22.75 28.125 -8.98287 -22.75 13.9829 -23.125 -80 13.9829 -23.125
2 24 -22.75 28.125 -8.98287 -22.75 13.9829 -23.125
3 16 -22.75 13.9829 -23.125 -22.75 28.125 -8.98287 -22.75 28.125 -23.125
3 16 -22.75 13.9829 23.125 -22.75 28.125 23.125 -22.75 28.125 8.98287
2 24 -22.75 28.125 8.98287 -22.75 13.9829 23.125
4 16 -22.75 28.125 8.98287 -80 28.125 8.98287 -80 13.9829 23.125 -22.75 13.9829 23.125
3 16 -22.75 -28.125 -23.125 -22.75 -28.125 -8.98287 -22.75 -13.9829 -23.125
2 24 -22.75 -28.125 -8.98287 -22.75 -13.9829 -23.125
4 16 -80 -13.9829 -23.125 -22.75 -13.9829 -23.125 -22.75 -28.125 -8.98287 -80 -28.125 -8.98287
3 16 -22.75 -28.125 23.125 -22.75 -13.9829 23.125 -22.75 -28.125 8.98287
2 24 -22.75 -13.9829 23.125 -22.75 -28.125 8.98287
4 16 -22.75 -13.9829 23.125 -80 -13.9829 23.125 -80 -28.125 8.98287 -22.75 -28.125 8.98287
4 16 61.0245 -3.31205 23.125 61.659 -1.70974 23.125 61.659 -1.70974 48.125 61.0245 -3.31205 48.125
5 24 61.659 -1.70974 23.125 61.659 -1.70974 48.125 61.0245 -3.31205 48.125 61.875 0 23.125
5 24 61.0245 -3.31205 48.125 61.0245 -3.31205 23.125 61.659 -1.70974 23.125 60.0708 -4.625 48.125
4 16 61.0245 -3.31205 -48.125 61.659 -1.70974 -48.125 61.659 -1.70974 -23.125 61.0245 -3.31205 -23.125
5 24 61.659 -1.70974 -48.125 61.659 -1.70974 -23.125 61.0245 -3.31205 -23.125 61.875 0 -48.125
5 24 61.0245 -3.31205 -23.125 61.0245 -3.31205 -48.125 61.659 -1.70974 -48.125 60.0708 -4.625 -23.125
4 16 61.659 -1.70974 23.125 61.875 0 23.125 61.875 0 48.125 61.659 -1.70974 48.125
5 24 61.875 0 23.125 61.875 0 48.125 61.659 -1.70974 48.125 61.659 1.70974 23.125
4 16 61.659 -1.70974 -48.125 61.875 0 -48.125 61.875 0 -23.125 61.659 -1.70974 -23.125
5 24 61.875 0 -48.125 61.875 0 -23.125 61.659 -1.70974 -23.125 61.659 1.70974 -48.125
4 16 60.0708 -4.625 23.125 61.0245 -3.31205 23.125 61.0245 -3.31205 48.125 60.0708 -4.625 48.125
2 24 60.0708 -4.625 48.125 60.0708 -4.625 23.125
4 16 60.0708 -4.625 -48.125 61.0245 -3.31205 -48.125 61.0245 -3.31205 -23.125 60.0708 -4.625 -23.125
2 24 60.0708 -4.625 -23.125 60.0708 -4.625 -48.125
4 16 61.0245 3.31205 23.125 60.0708 4.625 23.125 60.0708 4.625 48.125 61.0245 3.31205 48.125
2 24 60.0708 4.625 23.125 60.0708 4.625 48.125
5 24 61.0245 3.31205 48.125 61.0245 3.31205 23.125 60.0708 4.625 23.125 61.659 1.70974 48.125
4 16 61.0245 3.31205 -48.125 60.0708 4.625 -48.125 60.0708 4.625 -23.125 61.0245 3.31205 -23.125
2 24 60.0708 4.625 -48.125 60.0708 4.625 -23.125
5 24 61.0245 3.31205 -23.125 61.0245 3.31205 -48.125 60.0708 4.625 -48.125 61.659 1.70974 -23.125
4 16 49.438 4.04103 -48.125 48.6077 2.53085 -48.125 48.6077 2.53085 -23.125 49.438 4.04103 -23.125
5 24 48.6077 2.53085 -48.125 48.6077 2.53085 -23.125 49.438 4.04103 -23.125 48.1792 0.861665 -48.125
5 24 49.438 4.04103 -23.125 49.438 4.04103 -48.125 48.6077 2.53085 -48.125 49.9865 4.625 -23.125
4 16 49.438 4.04103 23.125 48.6077 2.53085 23.125 48.6077 2.53085 48.125 49.438 4.04103 48.125
5 24 48.6077 2.53085 23.125 48.6077 2.53085 48.125 49.438 4.04103 48.125 48.1792 0.861665 23.125
5 24 49.438 4.04103 48.125 49.438 4.04103 23.125 48.6077 2.53085 23.125 49.9865 4.625 48.125
4 16 49.438 -4.04103 23.125 49.9865 -4.625 23.125 49.9865 -4.625 48.125 49.438 -4.04103 48.125
2 24 49.9865 -4.625 23.125 49.9865 -4.625 48.125
5 24 49.438 -4.04103 48.125 49.438 -4.04103 23.125 49.9865 -4.625 23.125 48.6077 -2.53085 48.125
4 16 49.438 -4.04103 -48.125 49.9865 -4.625 -48.125 49.9865 -4.625 -23.125 49.438 -4.04103 -23.125
2 24 49.9865 -4.625 -48.125 49.9865 -4.625 -23.125
5 24 49.438 -4.04103 -23.125 49.438 -4.04103 -48.125 49.9865 -4.625 -48.125 48.6077 -2.53085 -23.125
4 16 49.9865 4.625 23.125 49.438 4.04103 23.125 49.438 4.04103 48.125 49.9865 4.625 48.125
2 24 49.9865 4.625 48.125 49.9865 4.625 23.125
4 16 49.9865 4.625 -48.125 49.438 4.04103 -48.125 49.438 4.04103 -23.125 49.9865 4.625 -23.125
2 24 49.9865 4.625 -23.125 49.9865 4.625 -48.125
4 16 61.659 1.70974 23.125 61.0245 3.31205 23.125 61.0245 3.31205 48.125 61.659 1.70974 48.125
5 24 61.659 1.70974 48.125 61.659 1.70974 23.125 61.0245 3.31205 23.125 61.875 0 48.125
4 16 61.659 1.70974 -48.125 61.0245 3.31205 -48.125 61.0245 3.31205 -23.125 61.659 1.70974 -23.125
5 24 61.659 1.70974 -23.125 61.659 1.70974 -48.125 61.0245 3.31205 -48.125 61.875 0 -23.125
4 16 48.6077 -2.53085 23.125 49.438 -4.04103 23.125 49.438 -4.04103 48.125 48.6077 -2.53085 48.125
5 24 48.6077 -2.53085 48.125 48.6077 -2.53085 23.125 49.438 -4.04103 23.125 48.1792 -0.861665 48.125
4 16 48.6077 -2.53085 -48.125 49.438 -4.04103 -48.125 49.438 -4.04103 -23.125 48.6077 -2.53085 -23.125
5 24 48.6077 -2.53085 -23.125 48.6077 -2.53085 -48.125 49.438 -4.04103 -48.125 48.1792 -0.861665 -23.125
4 16 48.1792 0.861665 -48.125 48.1792 -0.861665 -48.125 48.1792 -0.861665 -23.125 48.1792 0.861665 -23.125
5 24 48.1792 -0.861665 -48.125 48.1792 -0.861665 -23.125 48.1792 0.861665 -23.125 48.6077 -2.53085 -48.125
5 24 48.1792 0.861665 -23.125 48.1792 0.861665 -48.125 48.1792 -0.861665 -48.125 48.6077 2.53085 -23.125
4 16 48.1792 0.861665 23.125 48.1792 -0.861665 23.125 48.1792 -0.861665 48.125 48.1792 0.861665 48.125
5 24 48.1792 -0.861665 23.125 48.1792 -0.861665 48.125 48.1792 0.861665 48.125 48.6077 -2.53085 23.125
5 24 48.1792 0.861665 48.125 48.1792 0.861665 23.125 48.1792 -0.861665 23.125 48.6077 2.53085 48.125
4 16 48.1792 -0.861665 23.125 48.6077 -2.53085 23.125 48.6077 -2.53085 48.125 48.1792 -0.861665 48.125
4 16 48.1792 -0.861665 -48.125 48.6077 -2.53085 -48.125 48.6077 -2.53085 -23.125 48.1792 -0.861665 -23.125
4 16 61.875 0 -48.125 61.659 1.70974 -48.125 61.659 1.70974 -23.125 61.875 0 -23.125
4 16 61.875 0 23.125 61.659 1.70974 23.125 61.659 1.70974 48.125 61.875 0 48.125
4 16 48.6077 2.53085 -48.125 48.1792 0.861665 -48.125 48.1792 0.861665 -23.125 48.6077 2.53085 -23.125
4 16 48.6077 2.53085 23.125 48.1792 0.861665 23.125 48.1792 0.861665 48.125 48.6077 2.53085 48.125
4 16 49.9865 -4.625 48.125 49.9865 -4.625 23.125 60.0708 -4.625 23.125 60.0708 -4.625 48.125
4 16 49.9865 -4.625 -23.125 49.9865 -4.625 -48.125 60.0708 -4.625 -48.125 60.0708 -4.625 -23.125
4 16 49.9865 4.625 23.125 49.9865 4.625 48.125 60.0708 4.625 48.125 60.0708 4.625 23.125
4 16 49.9865 4.625 -48.125 49.9865 4.625 -23.125 60.0708 4.625 -23.125 60.0708 4.625 -48.125
4 16 92.5 -6.25 -3.5 92.5 6.25 -3.5 92.5 6.25 3.5 92.5 -6.25 3.5
2 24 92.5 -6.25 -3.5 92.5 6.25 -3.5
2 24 92.5 6.25 -3.5 92.5 6.25 3.5
2 24 92.5 6.25 3.5 92.5 -6.25 3.5
2 24 92.5 -6.25 3.5 92.5 -6.25 -3.5
4 16 80 -6.25 3.5 80 -6.25 -3.5 92.5 -6.25 -3.5 92.5 -6.25 3.5
2 24 80 -6.25 -3.5 92.5 -6.25 -3.5
2 24 92.5 -6.25 3.5 80 -6.25 3.5
4 16 80 6.25 -3.5 80 6.25 3.5 92.5 6.25 3.5 92.5 6.25 -3.5
2 24 80 6.25 3.5 92.5 6.25 3.5
2 24 92.5 6.25 -3.5 80 6.25 -3.5
4 16 92.5 6.25 3.5 80 6.25 3.5 80 -6.25 3.5 92.5 -6.25 3.5
4 16 80 6.25 -3.5 92.5 6.25 -3.5 92.5 -6.25 -3.5 80 -6.25 -3.5
2 24 4.75 -21.875 23.125 0 0 0
5 24 4.75 -21.875 -23.125 4.75 -21.875 23.125 4.61858 -20.8347 -23.125 0 0 0
2 24 4.75 -21.875 -23.125 0 0 0
5 24 4.75 -21.875 23.125 4.75 -21.875 -23.125 0 0 0 0 0 0
2 24 4.61648 22.9319 -23.125 0 0 0
5 24 4.61648 22.9319 -23.125 0 0 0 4.61648 22.9319 23.125 0 0 0
2 24 4.75 21.875 -23.125 0 0 0
5 24 4.75 21.875 23.125 4.75 21.875 -23.125 0 0 0 4.7479 21.8916 23.125
