0 {name}
0 Name: parts/hc-s04.dat
0 Author: Ondrej Tuma
0 !CATEGORY Technic


0 !LDRAW_ORG Unofficial_Part
0 !LICENSE Redistributable under CCAL version 2.0 : see CAreadme.txt

0 BFC CERTIFY CCW

0 // Created with stl2dat conversion tool

3 16 11.13 -6.75 20.93 11.13 -6.75 19.07 11.25 -6.75 20
2 24 11.25 -6.75 20 11.13 -6.75 19.07
2 24 11.13 -6.75 20.93 11.25 -6.75 20
4 16 10.79 -6.75 21.81 10.79 -6.75 18.19 11.13 -6.75 19.07 11.13 -6.75 20.93
2 24 11.13 -6.75 19.07 10.79 -6.75 18.19
2 24 11.13 -6.75 20.93 10.79 -6.75 21.81
4 16 10.23 -6.75 22.57 10.23 -6.75 17.43 10.79 -6.75 18.19 10.79 -6.75 21.81
2 24 10.79 -6.75 18.19 10.23 -6.75 17.43
2 24 10.79 -6.75 21.81 10.23 -6.75 22.57
4 16 9.51 -6.75 23.17 9.51 -6.75 16.83 10.23 -6.75 17.43 10.23 -6.75 22.57
2 24 9.51 -6.75 16.83 10.23 -6.75 17.43
2 24 10.23 -6.75 22.57 9.51 -6.75 23.17
4 16 8.66 -6.75 23.57 8.66 -6.75 16.43 9.51 -6.75 16.83 9.51 -6.75 23.17
2 24 8.66 -6.75 16.43 9.51 -6.75 16.83
2 24 9.51 -6.75 23.17 8.66 -6.75 23.57
4 16 7.74 -6.75 23.74 7.74 -6.75 16.26 8.66 -6.75 16.43 8.66 -6.75 23.57
2 24 7.74 -6.75 16.26 8.66 -6.75 16.43
2 24 7.74 -6.75 23.74 8.66 -6.75 23.57
4 16 -7.26 -6.75 23.74 -7.26 -6.75 16.26 7.74 -6.75 16.26 7.74 -6.75 23.74
2 24 7.74 -6.75 16.26 -7.26 -6.75 16.26
2 24 7.74 -6.75 23.74 -7.26 -6.75 23.74
4 16 -8.2 -6.75 23.68 -8.2 -6.75 16.32 -7.26 -6.75 16.26 -7.26 -6.75 23.74
2 24 -7.26 -6.75 16.26 -8.2 -6.75 16.32
2 24 -7.26 -6.75 23.74 -8.2 -6.75 23.68
4 16 -9.1 -6.75 23.39 -9.1 -6.75 16.61 -8.2 -6.75 16.32 -8.2 -6.75 23.68
2 24 -9.1 -6.75 16.61 -8.2 -6.75 16.32
2 24 -9.1 -6.75 23.39 -8.2 -6.75 23.68
4 16 -9.89 -6.75 22.89 -9.89 -6.75 17.11 -9.1 -6.75 16.61 -9.1 -6.75 23.39
2 24 -9.89 -6.75 17.11 -9.1 -6.75 16.61
2 24 -9.1 -6.75 23.39 -9.89 -6.75 22.89
4 16 -10.53 -6.75 22.2 -10.53 -6.75 17.8 -9.89 -6.75 17.11 -9.89 -6.75 22.89
2 24 -10.53 -6.75 17.8 -9.89 -6.75 17.11
2 24 -10.53 -6.75 22.2 -9.89 -6.75 22.89
4 16 -10.99 -6.75 21.38 -10.99 -6.75 18.62 -10.53 -6.75 17.8 -10.53 -6.75 22.2
2 24 -10.99 -6.75 18.62 -10.53 -6.75 17.8
2 24 -10.53 -6.75 22.2 -10.99 -6.75 21.38
4 16 -11.22 -6.75 20.47 -11.22 -6.75 19.53 -10.99 -6.75 18.62 -10.99 -6.75 21.38
2 24 -11.22 -6.75 20.47 -11.22 -6.75 19.53
2 24 -11.22 -6.75 19.53 -10.99 -6.75 18.62
2 24 -11.22 -6.75 20.47 -10.99 -6.75 21.38

3 16 56.25 -1.87 25 52.5 -1.87 0 56.25 -1.87 -25
2 24 56.25 -1.87 25 56.25 -1.87 -25
3 16 56.25 -1.87 25 51.87 -1.87 4.97 52.5 -1.87 0
2 24 52.5 -1.87 0 51.87 -1.87 4.97
3 16 56.25 -1.87 25 50.03 -1.87 9.64 51.87 -1.87 4.97
2 24 51.87 -1.87 4.97 50.03 -1.87 9.64
3 16 56.25 -1.87 25 47.08 -1.87 13.69 50.03 -1.87 9.64
2 24 50.03 -1.87 9.64 47.08 -1.87 13.69
3 16 56.25 -1.87 25 43.22 -1.87 16.89 47.08 -1.87 13.69
2 24 47.08 -1.87 13.69 43.22 -1.87 16.89
3 16 56.25 -1.87 25 38.68 -1.87 19.02 43.22 -1.87 16.89
2 24 43.22 -1.87 16.89 38.68 -1.87 19.02
3 16 56.25 -1.87 25 33.76 -1.87 19.96 38.68 -1.87 19.02
2 24 38.68 -1.87 19.02 33.76 -1.87 19.96
3 16 8.66 -1.87 23.57 33.76 -1.87 19.96 56.25 -1.87 25
3 16 10.23 -1.87 17.43 16.32 -1.87 11.76 10.79 -1.87 18.19
2 24 10.79 -1.87 18.19 10.23 -1.87 17.43
4 16 19.75 -1.87 15.41 11.13 -1.87 19.07 10.79 -1.87 18.19 16.32 -1.87 11.76
2 24 11.13 -1.87 19.07 10.79 -1.87 18.19
2 24 19.75 -1.87 15.41 16.32 -1.87 11.76
3 16 11.13 -1.87 19.07 19.75 -1.87 15.41 11.25 -1.87 20
2 24 11.25 -1.87 20 11.13 -1.87 19.07
4 16 11.13 -1.87 20.93 19.75 -1.87 15.41 23.98 -1.87 18.1 10.79 -1.87 21.81
2 24 23.98 -1.87 18.1 19.75 -1.87 15.41
2 24 10.79 -1.87 21.81 11.13 -1.87 20.93
4 16 10.23 -1.87 22.57 23.98 -1.87 18.1 28.75 -1.87 19.65 9.51 -1.87 23.17
2 24 28.75 -1.87 19.65 23.98 -1.87 18.1
2 24 9.51 -1.87 23.17 10.23 -1.87 22.57
4 16 33.76 -1.87 19.96 8.66 -1.87 23.57 9.51 -1.87 23.17 28.75 -1.87 19.65
2 24 8.66 -1.87 23.57 9.51 -1.87 23.17
2 24 33.76 -1.87 19.96 28.75 -1.87 19.65
3 16 19.75 -1.87 15.41 11.13 -1.87 20.93 11.25 -1.87 20
2 24 11.13 -1.87 20.93 11.25 -1.87 20
3 16 23.98 -1.87 18.1 10.23 -1.87 22.57 10.79 -1.87 21.81
2 24 10.23 -1.87 22.57 10.79 -1.87 21.81
3 16 56.25 -1.87 25 7.74 -1.87 23.74 8.66 -1.87 23.57
2 24 7.74 -1.87 23.74 8.66 -1.87 23.57
3 16 56.25 -1.87 25 -7.26 -1.87 23.74 7.74 -1.87 23.74
2 24 -7.26 -1.87 23.74 7.74 -1.87 23.74
4 16 -21.78 -1.87 16.89 -17.92 -1.87 13.69 -11.22 -1.87 19.53 -11.22 -1.87 20.47
2 24 -17.92 -1.87 13.69 -21.78 -1.87 16.89
2 24 -11.22 -1.87 19.53 -11.22 -1.87 20.47
4 16 -11.22 -1.87 19.53 -13.13 -1.87 4.97 -12.5 -1.87 0 -10.99 -1.87 18.62
2 24 -12.5 -1.87 0 -13.13 -1.87 4.97
2 24 -10.99 -1.87 18.62 -11.22 -1.87 19.53
3 16 -11.22 -1.87 19.53 -14.97 -1.87 9.64 -13.13 -1.87 4.97
2 24 -13.13 -1.87 4.97 -14.97 -1.87 9.64
3 16 -21.78 -1.87 16.89 -11.22 -1.87 20.47 -10.99 -1.87 21.38
2 24 -11.22 -1.87 20.47 -10.99 -1.87 21.38
3 16 -11.22 -1.87 19.53 -17.92 -1.87 13.69 -14.97 -1.87 9.64
2 24 -14.97 -1.87 9.64 -17.92 -1.87 13.69
3 16 -21.78 -1.87 16.89 -10.99 -1.87 21.38 -10.53 -1.87 22.2
2 24 -10.99 -1.87 21.38 -10.53 -1.87 22.2
4 16 -26.32 -1.87 19.02 -21.78 -1.87 16.89 -10.53 -1.87 22.2 -9.89 -1.87 22.89
2 24 -21.78 -1.87 16.89 -26.32 -1.87 19.02
2 24 -10.53 -1.87 22.2 -9.89 -1.87 22.89
4 16 -26.32 -1.87 19.02 -9.89 -1.87 22.89 -9.1 -1.87 23.39 -31.24 -1.87 19.96
2 24 -9.89 -1.87 22.89 -9.1 -1.87 23.39
2 24 -26.32 -1.87 19.02 -31.24 -1.87 19.96
4 16 -56.25 -1.87 25 -31.24 -1.87 19.96 -9.1 -1.87 23.39 -8.2 -1.87 23.68
2 24 -9.1 -1.87 23.39 -8.2 -1.87 23.68
4 16 -52.34 -1.87 2.51 -56.25 -1.87 25 -56.25 -1.87 -25 -52.34 -1.87 -2.51
2 24 -56.25 -1.87 25 -56.25 -1.87 -25
2 24 -52.34 -1.87 2.51 -52.34 -1.87 -2.51
3 16 -51.1 -1.87 7.36 -56.25 -1.87 25 -52.34 -1.87 2.51
2 24 -51.1 -1.87 7.36 -52.34 -1.87 2.51
3 16 -48.68 -1.87 11.76 -56.25 -1.87 25 -51.1 -1.87 7.36
2 24 -48.68 -1.87 11.76 -51.1 -1.87 7.36
3 16 -45.25 -1.87 15.41 -56.25 -1.87 25 -48.68 -1.87 11.76
2 24 -45.25 -1.87 15.41 -48.68 -1.87 11.76
3 16 -41.02 -1.87 18.1 -56.25 -1.87 25 -45.25 -1.87 15.41
2 24 -41.02 -1.87 18.1 -45.25 -1.87 15.41
3 16 -36.25 -1.87 19.65 -56.25 -1.87 25 -41.02 -1.87 18.1
2 24 -36.25 -1.87 19.65 -41.02 -1.87 18.1
3 16 -31.24 -1.87 19.96 -56.25 -1.87 25 -36.25 -1.87 19.65
2 24 -31.24 -1.87 19.96 -36.25 -1.87 19.65
3 16 -7.26 -1.87 23.74 -56.25 -1.87 25 -8.2 -1.87 23.68
2 24 -8.2 -1.87 23.68 -7.26 -1.87 23.74
3 16 -56.25 -1.87 25 -7.26 -1.87 23.74 56.25 -1.87 25
2 24 56.25 -1.87 25 -56.25 -1.87 25
3 16 51.87 -1.87 -4.97 56.25 -1.87 -25 52.5 -1.87 0
2 24 51.87 -1.87 -4.97 52.5 -1.87 0
3 16 50.03 -1.87 -9.64 56.25 -1.87 -25 51.87 -1.87 -4.97
2 24 50.03 -1.87 -9.64 51.87 -1.87 -4.97
3 16 47.08 -1.87 -13.69 56.25 -1.87 -25 50.03 -1.87 -9.64
2 24 47.08 -1.87 -13.69 50.03 -1.87 -9.64
3 16 43.22 -1.87 -16.89 56.25 -1.87 -25 47.08 -1.87 -13.69
2 24 43.22 -1.87 -16.89 47.08 -1.87 -13.69
3 16 38.68 -1.87 -19.02 56.25 -1.87 -25 43.22 -1.87 -16.89
2 24 38.68 -1.87 -19.02 43.22 -1.87 -16.89
3 16 33.76 -1.87 -19.96 56.25 -1.87 -25 38.68 -1.87 -19.02
2 24 33.76 -1.87 -19.96 38.68 -1.87 -19.02
3 16 28.75 -1.87 -19.65 56.25 -1.87 -25 33.76 -1.87 -19.96
2 24 28.75 -1.87 -19.65 33.76 -1.87 -19.96
3 16 9.51 -1.87 16.83 16.32 -1.87 11.76 10.23 -1.87 17.43
2 24 10.23 -1.87 17.43 9.51 -1.87 16.83
3 16 8.66 -1.87 16.43 16.32 -1.87 11.76 9.51 -1.87 16.83
2 24 9.51 -1.87 16.83 8.66 -1.87 16.43
4 16 16.32 -1.87 11.76 8.66 -1.87 16.43 7.74 -1.87 16.26 13.9 -1.87 7.36
2 24 8.66 -1.87 16.43 7.74 -1.87 16.26
2 24 16.32 -1.87 11.76 13.9 -1.87 7.36
4 16 13.9 -1.87 7.36 7.74 -1.87 16.26 -7.26 -1.87 16.26 12.66 -1.87 2.51
2 24 7.74 -1.87 16.26 -7.26 -1.87 16.26
2 24 13.9 -1.87 7.36 12.66 -1.87 2.51
4 16 12.66 -1.87 2.51 -12.5 -1.87 0 -13.13 -1.87 -4.97 12.66 -1.87 -2.51
2 24 -13.13 -1.87 -4.97 -12.5 -1.87 0
2 24 12.66 -1.87 2.51 12.66 -1.87 -2.51
4 16 12.66 -1.87 2.51 -7.26 -1.87 16.26 -8.2 -1.87 16.32 -12.5 -1.87 0
2 24 -7.26 -1.87 16.26 -8.2 -1.87 16.32
3 16 -12.5 -1.87 0 -8.2 -1.87 16.32 -9.1 -1.87 16.61
2 24 -8.2 -1.87 16.32 -9.1 -1.87 16.61
3 16 -12.5 -1.87 0 -9.1 -1.87 16.61 -9.89 -1.87 17.11
2 24 -9.1 -1.87 16.61 -9.89 -1.87 17.11
3 16 -12.5 -1.87 0 -9.89 -1.87 17.11 -10.53 -1.87 17.8
2 24 -9.89 -1.87 17.11 -10.53 -1.87 17.8
3 16 -12.5 -1.87 0 -10.53 -1.87 17.8 -10.99 -1.87 18.62
2 24 -10.53 -1.87 17.8 -10.99 -1.87 18.62
4 16 12.66 -1.87 -2.51 -13.13 -1.87 -4.97 -14.97 -1.87 -9.64 13.9 -1.87 -7.36
2 24 -14.97 -1.87 -9.64 -13.13 -1.87 -4.97
2 24 12.66 -1.87 -2.51 13.9 -1.87 -7.36
4 16 13.9 -1.87 -7.36 -14.97 -1.87 -9.64 -17.92 -1.87 -13.69 16.32 -1.87 -11.76
2 24 -17.92 -1.87 -13.69 -14.97 -1.87 -9.64
2 24 13.9 -1.87 -7.36 16.32 -1.87 -11.76
4 16 16.32 -1.87 -11.76 -17.92 -1.87 -13.69 -21.78 -1.87 -16.89 19.75 -1.87 -15.41
2 24 -21.78 -1.87 -16.89 -17.92 -1.87 -13.69
2 24 16.32 -1.87 -11.76 19.75 -1.87 -15.41
4 16 19.75 -1.87 -15.41 -21.78 -1.87 -16.89 -26.32 -1.87 -19.02 23.98 -1.87 -18.1
2 24 -26.32 -1.87 -19.02 -21.78 -1.87 -16.89
2 24 19.75 -1.87 -15.41 23.98 -1.87 -18.1
4 16 23.98 -1.87 -18.1 -26.32 -1.87 -19.02 -31.24 -1.87 -19.96 28.75 -1.87 -19.65
2 24 -31.24 -1.87 -19.96 -26.32 -1.87 -19.02
2 24 23.98 -1.87 -18.1 28.75 -1.87 -19.65
4 16 28.75 -1.87 -19.65 -31.24 -1.87 -19.96 -56.25 -1.87 -25 56.25 -1.87 -25
2 24 -56.25 -1.87 -25 56.25 -1.87 -25
3 16 -36.25 -1.87 -19.65 -56.25 -1.87 -25 -31.24 -1.87 -19.96
2 24 -36.25 -1.87 -19.65 -31.24 -1.87 -19.96
3 16 -41.02 -1.87 -18.1 -56.25 -1.87 -25 -36.25 -1.87 -19.65
2 24 -41.02 -1.87 -18.1 -36.25 -1.87 -19.65
3 16 -45.25 -1.87 -15.41 -56.25 -1.87 -25 -41.02 -1.87 -18.1
2 24 -45.25 -1.87 -15.41 -41.02 -1.87 -18.1
3 16 -48.68 -1.87 -11.76 -56.25 -1.87 -25 -45.25 -1.87 -15.41
2 24 -48.68 -1.87 -11.76 -45.25 -1.87 -15.41
3 16 -51.1 -1.87 -7.36 -56.25 -1.87 -25 -48.68 -1.87 -11.76
2 24 -51.1 -1.87 -7.36 -48.68 -1.87 -11.76
3 16 -52.34 -1.87 -2.51 -56.25 -1.87 -25 -51.1 -1.87 -7.36
2 24 -52.34 -1.87 -2.51 -51.1 -1.87 -7.36

3 16 -13.13 -30 4.97 -13.13 -30 -4.97 -12.5 -30 0
2 24 -12.5 -30 0 -13.13 -30 -4.97
2 24 -13.13 -30 4.97 -12.5 -30 0
4 16 -14.97 -30 9.64 -14.97 -30 -9.64 -13.13 -30 -4.97 -13.13 -30 4.97
2 24 -13.13 -30 -4.97 -14.97 -30 -9.64
2 24 -14.97 -30 9.64 -13.13 -30 4.97
4 16 -17.92 -30 13.69 -17.92 -30 -13.69 -14.97 -30 -9.64 -14.97 -30 9.64
2 24 -14.97 -30 -9.64 -17.92 -30 -13.69
2 24 -17.92 -30 13.69 -14.97 -30 9.64
4 16 -21.78 -30 16.89 -21.78 -30 -16.89 -17.92 -30 -13.69 -17.92 -30 13.69
2 24 -17.92 -30 -13.69 -21.78 -30 -16.89
2 24 -21.78 -30 16.89 -17.92 -30 13.69
4 16 -26.32 -30 19.02 -26.32 -30 -19.02 -21.78 -30 -16.89 -21.78 -30 16.89
2 24 -21.78 -30 -16.89 -26.32 -30 -19.02
2 24 -26.32 -30 19.02 -21.78 -30 16.89
4 16 -31.24 -30 19.96 -31.24 -30 -19.96 -26.32 -30 -19.02 -26.32 -30 19.02
2 24 -26.32 -30 -19.02 -31.24 -30 -19.96
2 24 -31.24 -30 19.96 -26.32 -30 19.02
4 16 -36.25 -30 19.65 -36.25 -30 -19.65 -31.24 -30 -19.96 -31.24 -30 19.96
2 24 -31.24 -30 -19.96 -36.25 -30 -19.65
2 24 -31.24 -30 19.96 -36.25 -30 19.65
4 16 -41.02 -30 18.1 -41.02 -30 -18.1 -36.25 -30 -19.65 -36.25 -30 19.65
2 24 -36.25 -30 -19.65 -41.02 -30 -18.1
2 24 -41.02 -30 18.1 -36.25 -30 19.65
4 16 -45.25 -30 15.41 -45.25 -30 -15.41 -41.02 -30 -18.1 -41.02 -30 18.1
2 24 -41.02 -30 -18.1 -45.25 -30 -15.41
2 24 -45.25 -30 15.41 -41.02 -30 18.1
4 16 -48.68 -30 11.76 -48.68 -30 -11.76 -45.25 -30 -15.41 -45.25 -30 15.41
2 24 -45.25 -30 -15.41 -48.68 -30 -11.76
2 24 -48.68 -30 11.76 -45.25 -30 15.41
4 16 -51.1 -30 7.36 -51.1 -30 -7.36 -48.68 -30 -11.76 -48.68 -30 11.76
2 24 -48.68 -30 -11.76 -51.1 -30 -7.36
2 24 -51.1 -30 7.36 -48.68 -30 11.76
4 16 -52.34 -30 2.51 -52.34 -30 -2.51 -51.1 -30 -7.36 -51.1 -30 7.36
2 24 -52.34 -30 -2.51 -52.34 -30 2.51
2 24 -51.1 -30 -7.36 -52.34 -30 -2.51
2 24 -52.34 -30 2.51 -51.1 -30 7.36

3 16 51.87 -30 4.97 51.87 -30 -4.97 52.5 -30 0
2 24 52.5 -30 0 51.87 -30 -4.97
2 24 51.87 -30 4.97 52.5 -30 0
4 16 50.03 -30 9.64 50.03 -30 -9.64 51.87 -30 -4.97 51.87 -30 4.97
2 24 51.87 -30 -4.97 50.03 -30 -9.64
2 24 50.03 -30 9.64 51.87 -30 4.97
4 16 47.08 -30 13.69 47.08 -30 -13.69 50.03 -30 -9.64 50.03 -30 9.64
2 24 50.03 -30 -9.64 47.08 -30 -13.69
2 24 47.08 -30 13.69 50.03 -30 9.64
4 16 43.22 -30 16.89 43.22 -30 -16.89 47.08 -30 -13.69 47.08 -30 13.69
2 24 43.22 -30 -16.89 47.08 -30 -13.69
2 24 43.22 -30 16.89 47.08 -30 13.69
4 16 38.68 -30 19.02 38.68 -30 -19.02 43.22 -30 -16.89 43.22 -30 16.89
2 24 38.68 -30 -19.02 43.22 -30 -16.89
2 24 38.68 -30 19.02 43.22 -30 16.89
4 16 33.76 -30 19.96 33.76 -30 -19.96 38.68 -30 -19.02 38.68 -30 19.02
2 24 33.76 -30 -19.96 38.68 -30 -19.02
2 24 38.68 -30 19.02 33.76 -30 19.96
4 16 28.75 -30 19.65 28.75 -30 -19.65 33.76 -30 -19.96 33.76 -30 19.96
2 24 33.76 -30 -19.96 28.75 -30 -19.65
2 24 28.75 -30 19.65 33.76 -30 19.96
4 16 23.98 -30 18.1 23.98 -30 -18.1 28.75 -30 -19.65 28.75 -30 19.65
2 24 28.75 -30 -19.65 23.98 -30 -18.1
2 24 28.75 -30 19.65 23.98 -30 18.1
4 16 19.75 -30 15.41 19.75 -30 -15.41 23.98 -30 -18.1 23.98 -30 18.1
2 24 23.98 -30 -18.1 19.75 -30 -15.41
2 24 19.75 -30 15.41 23.98 -30 18.1
4 16 16.32 -30 11.76 16.32 -30 -11.76 19.75 -30 -15.41 19.75 -30 15.41
2 24 19.75 -30 -15.41 16.32 -30 -11.76
2 24 19.75 -30 15.41 16.32 -30 11.76
4 16 13.9 -30 7.36 13.9 -30 -7.36 16.32 -30 -11.76 16.32 -30 11.76
2 24 13.9 -30 -7.36 16.32 -30 -11.76
2 24 16.32 -30 11.76 13.9 -30 7.36
4 16 12.66 -30 2.51 12.66 -30 -2.51 13.9 -30 -7.36 13.9 -30 7.36
2 24 12.66 -30 -2.51 12.66 -30 2.51
2 24 12.66 -30 -2.51 13.9 -30 -7.36
2 24 13.9 -30 7.36 12.66 -30 2.51

4 16 50.03 -30 -9.64 50.03 -1.87 -9.64 51.87 -1.87 -4.97 51.87 -30 -4.97
5 24 50.03 -30 -9.64 50.03 -1.87 -9.64 51.87 -1.87 -4.97 47.08 -30 -13.69
5 24 51.87 -1.87 -4.97 51.87 -30 -4.97 50.03 -30 -9.64 52.5 -1.87 0
4 16 51.87 -30 4.97 51.87 -1.87 4.97 50.03 -1.87 9.64 50.03 -30 9.64
5 24 51.87 -30 4.97 51.87 -1.87 4.97 50.03 -1.87 9.64 52.5 -30 0
5 24 50.03 -1.87 9.64 50.03 -30 9.64 51.87 -30 4.97 47.08 -1.87 13.69
4 16 52.5 -30 0 52.5 -1.87 0 51.87 -1.87 4.97 51.87 -30 4.97
5 24 52.5 -30 0 52.5 -1.87 0 51.87 -1.87 4.97 51.87 -30 -4.97
4 16 50.03 -30 9.64 50.03 -1.87 9.64 47.08 -1.87 13.69 47.08 -30 13.69
5 24 47.08 -1.87 13.69 47.08 -30 13.69 50.03 -30 9.64 43.22 -1.87 16.89
4 16 51.87 -30 -4.97 51.87 -1.87 -4.97 52.5 -1.87 0 52.5 -30 0
4 16 47.08 -30 -13.69 47.08 -1.87 -13.69 50.03 -1.87 -9.64 50.03 -30 -9.64
5 24 47.08 -30 -13.69 47.08 -1.87 -13.69 50.03 -1.87 -9.64 43.22 -30 -16.89
4 16 47.08 -1.87 13.69 43.22 -1.87 16.89 43.22 -30 16.89 47.08 -30 13.69
5 24 43.22 -1.87 16.89 43.22 -30 16.89 47.08 -30 13.69 38.68 -1.87 19.02
4 16 23.98 -1.87 -18.1 28.75 -1.87 -19.65 28.75 -30 -19.65 23.98 -30 -18.1
5 24 28.75 -1.87 -19.65 28.75 -30 -19.65 23.98 -30 -18.1 33.76 -1.87 -19.96
5 24 23.98 -30 -18.1 23.98 -1.87 -18.1 28.75 -1.87 -19.65 19.75 -30 -15.41
4 16 33.76 -1.87 19.96 28.75 -1.87 19.65 28.75 -30 19.65 33.76 -30 19.96
5 24 28.75 -1.87 19.65 28.75 -30 19.65 33.76 -30 19.96 23.98 -1.87 18.1
5 24 33.76 -30 19.96 33.76 -1.87 19.96 28.75 -1.87 19.65 38.68 -30 19.02
4 16 23.98 -1.87 18.1 19.75 -1.87 15.41 19.75 -30 15.41 23.98 -30 18.1
5 24 19.75 -1.87 15.41 19.75 -30 15.41 23.98 -30 18.1 16.32 -1.87 11.76
5 24 23.98 -30 18.1 23.98 -1.87 18.1 19.75 -1.87 15.41 28.75 -30 19.65
4 16 19.75 -1.87 -15.41 19.75 -30 -15.41 16.32 -30 -11.76 16.32 -1.87 -11.76
5 24 19.75 -1.87 -15.41 19.75 -30 -15.41 16.32 -30 -11.76 23.98 -1.87 -18.1
5 24 16.32 -30 -11.76 16.32 -1.87 -11.76 19.75 -1.87 -15.41 13.9 -30 -7.36
4 16 19.75 -1.87 -15.41 23.98 -1.87 -18.1 23.98 -30 -18.1 19.75 -30 -15.41
4 16 12.66 -1.87 -2.51 12.66 -30 -2.51 12.66 -30 2.51 12.66 -1.87 2.51
5 24 12.66 -1.87 -2.51 12.66 -30 -2.51 12.66 -30 2.51 13.9 -1.87 -7.36
5 24 12.66 -30 2.51 12.66 -1.87 2.51 12.66 -1.87 -2.51 13.9 -30 7.36
4 16 43.22 -1.87 16.89 38.68 -1.87 19.02 38.68 -30 19.02 43.22 -30 16.89
5 24 38.68 -1.87 19.02 38.68 -30 19.02 43.22 -30 16.89 33.76 -1.87 19.96
4 16 28.75 -1.87 -19.65 33.76 -1.87 -19.96 33.76 -30 -19.96 28.75 -30 -19.65
5 24 33.76 -1.87 -19.96 33.76 -30 -19.96 28.75 -30 -19.65 38.68 -1.87 -19.02
4 16 28.75 -1.87 19.65 23.98 -1.87 18.1 23.98 -30 18.1 28.75 -30 19.65
4 16 38.68 -1.87 -19.02 43.22 -1.87 -16.89 43.22 -30 -16.89 38.68 -30 -19.02
5 24 43.22 -1.87 -16.89 43.22 -30 -16.89 38.68 -30 -19.02 47.08 -1.87 -13.69
5 24 38.68 -30 -19.02 38.68 -1.87 -19.02 43.22 -1.87 -16.89 33.76 -30 -19.96
4 16 38.68 -1.87 19.02 33.76 -1.87 19.96 33.76 -30 19.96 38.68 -30 19.02
4 16 16.32 -1.87 11.76 16.32 -30 11.76 19.75 -30 15.41 19.75 -1.87 15.41
5 24 16.32 -1.87 11.76 16.32 -30 11.76 19.75 -30 15.41 13.9 -1.87 7.36
4 16 13.9 -1.87 -7.36 13.9 -30 -7.36 12.66 -30 -2.51 12.66 -1.87 -2.51
5 24 13.9 -1.87 -7.36 13.9 -30 -7.36 12.66 -30 -2.51 16.32 -1.87 -11.76
4 16 33.76 -1.87 -19.96 38.68 -1.87 -19.02 38.68 -30 -19.02 33.76 -30 -19.96
4 16 43.22 -1.87 -16.89 47.08 -1.87 -13.69 47.08 -30 -13.69 43.22 -30 -16.89
4 16 16.32 -1.87 -11.76 16.32 -30 -11.76 13.9 -30 -7.36 13.9 -1.87 -7.36
4 16 13.9 -1.87 7.36 13.9 -30 7.36 16.32 -30 11.76 16.32 -1.87 11.76
5 24 13.9 -1.87 7.36 13.9 -30 7.36 16.32 -30 11.76 12.66 -1.87 2.51
4 16 12.66 -1.87 2.51 12.66 -30 2.51 13.9 -30 7.36 13.9 -1.87 7.36
4 16 -26.32 -1.87 -19.02 -21.78 -1.87 -16.89 -21.78 -30 -16.89 -26.32 -30 -19.02
5 24 -21.78 -1.87 -16.89 -21.78 -30 -16.89 -26.32 -30 -19.02 -17.92 -1.87 -13.69
5 24 -26.32 -30 -19.02 -26.32 -1.87 -19.02 -21.78 -1.87 -16.89 -31.24 -30 -19.96
4 16 -48.68 -1.87 -11.76 -48.68 -30 -11.76 -51.1 -30 -7.36 -51.1 -1.87 -7.36
5 24 -48.68 -1.87 -11.76 -48.68 -30 -11.76 -51.1 -30 -7.36 -45.25 -1.87 -15.41
5 24 -51.1 -30 -7.36 -51.1 -1.87 -7.36 -48.68 -1.87 -11.76 -52.34 -30 -2.51
4 16 -31.24 -1.87 -19.96 -26.32 -1.87 -19.02 -26.32 -30 -19.02 -31.24 -30 -19.96
5 24 -31.24 -30 -19.96 -31.24 -1.87 -19.96 -26.32 -1.87 -19.02 -36.25 -30 -19.65
4 16 -13.13 -30 -4.97 -13.13 -1.87 -4.97 -12.5 -1.87 0 -12.5 -30 0
5 24 -13.13 -30 -4.97 -13.13 -1.87 -4.97 -12.5 -1.87 0 -14.97 -30 -9.64
5 24 -12.5 -1.87 0 -12.5 -30 0 -13.13 -30 -4.97 -13.13 -1.87 4.97
4 16 -45.25 -1.87 -15.41 -41.02 -1.87 -18.1 -41.02 -30 -18.1 -45.25 -30 -15.41
5 24 -41.02 -1.87 -18.1 -41.02 -30 -18.1 -45.25 -30 -15.41 -36.25 -1.87 -19.65
5 24 -45.25 -30 -15.41 -45.25 -1.87 -15.41 -41.02 -1.87 -18.1 -48.68 -30 -11.76
4 16 -14.97 -30 9.64 -14.97 -1.87 9.64 -17.92 -1.87 13.69 -17.92 -30 13.69
5 24 -14.97 -30 9.64 -14.97 -1.87 9.64 -17.92 -1.87 13.69 -13.13 -30 4.97
5 24 -17.92 -1.87 13.69 -17.92 -30 13.69 -14.97 -30 9.64 -21.78 -1.87 16.89
4 16 -17.92 -30 -13.69 -17.92 -1.87 -13.69 -14.97 -1.87 -9.64 -14.97 -30 -9.64
5 24 -17.92 -30 -13.69 -17.92 -1.87 -13.69 -14.97 -1.87 -9.64 -21.78 -30 -16.89
5 24 -14.97 -1.87 -9.64 -14.97 -30 -9.64 -17.92 -30 -13.69 -13.13 -1.87 -4.97
4 16 -36.25 -1.87 -19.65 -31.24 -1.87 -19.96 -31.24 -30 -19.96 -36.25 -30 -19.65
5 24 -36.25 -30 -19.65 -36.25 -1.87 -19.65 -31.24 -1.87 -19.96 -41.02 -30 -18.1
4 16 -17.92 -1.87 13.69 -21.78 -1.87 16.89 -21.78 -30 16.89 -17.92 -30 13.69
5 24 -21.78 -1.87 16.89 -21.78 -30 16.89 -17.92 -30 13.69 -26.32 -1.87 19.02
4 16 -12.5 -30 0 -12.5 -1.87 0 -13.13 -1.87 4.97 -13.13 -30 4.97
5 24 -13.13 -1.87 4.97 -13.13 -30 4.97 -12.5 -30 0 -14.97 -1.87 9.64
4 16 -51.1 -1.87 7.36 -51.1 -30 7.36 -48.68 -30 11.76 -48.68 -1.87 11.76
5 24 -51.1 -1.87 7.36 -51.1 -30 7.36 -48.68 -30 11.76 -52.34 -1.87 2.51
5 24 -48.68 -30 11.76 -48.68 -1.87 11.76 -51.1 -1.87 7.36 -45.25 -30 15.41
4 16 -13.13 -30 4.97 -13.13 -1.87 4.97 -14.97 -1.87 9.64 -14.97 -30 9.64
4 16 -41.02 -1.87 18.1 -45.25 -1.87 15.41 -45.25 -30 15.41 -41.02 -30 18.1
5 24 -45.25 -1.87 15.41 -45.25 -30 15.41 -41.02 -30 18.1 -48.68 -1.87 11.76
5 24 -41.02 -30 18.1 -41.02 -1.87 18.1 -45.25 -1.87 15.41 -36.25 -30 19.65
4 16 -52.34 -1.87 2.51 -52.34 -30 2.51 -51.1 -30 7.36 -51.1 -1.87 7.36
5 24 -52.34 -1.87 2.51 -52.34 -30 2.51 -51.1 -30 7.36 -52.34 -1.87 -2.51
4 16 -21.78 -1.87 -16.89 -17.92 -1.87 -13.69 -17.92 -30 -13.69 -21.78 -30 -16.89
4 16 -21.78 -1.87 16.89 -26.32 -1.87 19.02 -26.32 -30 19.02 -21.78 -30 16.89
5 24 -26.32 -1.87 19.02 -26.32 -30 19.02 -21.78 -30 16.89 -31.24 -1.87 19.96
4 16 -41.02 -1.87 -18.1 -36.25 -1.87 -19.65 -36.25 -30 -19.65 -41.02 -30 -18.1
4 16 -51.1 -1.87 -7.36 -51.1 -30 -7.36 -52.34 -30 -2.51 -52.34 -1.87 -2.51
5 24 -52.34 -30 -2.51 -52.34 -1.87 -2.51 -51.1 -1.87 -7.36 -52.34 -30 2.51
4 16 -36.25 -1.87 19.65 -41.02 -1.87 18.1 -41.02 -30 18.1 -36.25 -30 19.65
5 24 -36.25 -30 19.65 -36.25 -1.87 19.65 -41.02 -1.87 18.1 -31.24 -30 19.96
4 16 -52.34 -1.87 -2.51 -52.34 -30 -2.51 -52.34 -30 2.51 -52.34 -1.87 2.51
4 16 -14.97 -30 -9.64 -14.97 -1.87 -9.64 -13.13 -1.87 -4.97 -13.13 -30 -4.97
4 16 -48.68 -1.87 11.76 -48.68 -30 11.76 -45.25 -30 15.41 -45.25 -1.87 15.41
4 16 -26.32 -1.87 19.02 -31.24 -1.87 19.96 -31.24 -30 19.96 -26.32 -30 19.02
5 24 -31.24 -1.87 19.96 -31.24 -30 19.96 -26.32 -30 19.02 -36.25 -1.87 19.65
4 16 -45.25 -1.87 -15.41 -45.25 -30 -15.41 -48.68 -30 -11.76 -48.68 -1.87 -11.76
4 16 -31.24 -1.87 19.96 -36.25 -1.87 19.65 -36.25 -30 19.65 -31.24 -30 19.96
4 16 56.25 -1.87 -25 56.25 1.87 -25 56.25 1.87 25 56.25 -1.87 25
2 24 56.25 -1.87 -25 56.25 1.87 -25
2 24 56.25 1.87 -25 56.25 1.87 25
2 24 56.25 1.87 25 56.25 -1.87 25
4 16 -56.25 1.87 -25 -56.25 1.87 25 56.25 1.87 25 56.25 1.87 -25
2 24 -56.25 1.87 -25 -56.25 1.87 25
2 24 -56.25 1.87 25 56.25 1.87 25
2 24 56.25 1.87 -25 -56.25 1.87 -25
4 16 -56.25 1.87 -25 -56.25 -1.87 -25 -56.25 -1.87 25 -56.25 1.87 25
2 24 -56.25 1.87 -25 -56.25 -1.87 -25
2 24 -56.25 -1.87 25 -56.25 1.87 25
4 16 56.25 1.87 25 -56.25 1.87 25 -56.25 -1.87 25 56.25 -1.87 25
4 16 -56.25 1.87 -25 56.25 1.87 -25 56.25 -1.87 -25 -56.25 -1.87 -25
4 16 11.13 -6.75 19.07 11.13 -1.87 19.07 11.25 -1.87 20 11.25 -6.75 20
5 24 11.13 -6.75 19.07 11.13 -1.87 19.07 11.25 -1.87 20 10.79 -6.75 18.19
5 24 11.25 -1.87 20 11.25 -6.75 20 11.13 -6.75 19.07 11.13 -1.87 20.93
4 16 -7.26 -1.87 16.26 7.74 -1.87 16.26 7.74 -6.75 16.26 -7.26 -6.75 16.26
5 24 7.74 -1.87 16.26 7.74 -6.75 16.26 -7.26 -6.75 16.26 8.66 -1.87 16.43
5 24 -7.26 -6.75 16.26 -7.26 -1.87 16.26 7.74 -1.87 16.26 -8.2 -6.75 16.32
4 16 11.25 -6.75 20 11.25 -1.87 20 11.13 -1.87 20.93 11.13 -6.75 20.93
5 24 11.13 -1.87 20.93 11.13 -6.75 20.93 11.25 -6.75 20 10.79 -1.87 21.81
4 16 -11.22 -1.87 20.47 -11.22 -6.75 20.47 -10.99 -6.75 21.38 -10.99 -1.87 21.38
5 24 -11.22 -1.87 20.47 -11.22 -6.75 20.47 -10.99 -6.75 21.38 -11.22 -1.87 19.53
5 24 -10.99 -6.75 21.38 -10.99 -1.87 21.38 -11.22 -1.87 20.47 -10.53 -6.75 22.2
4 16 8.66 -1.87 23.57 7.74 -1.87 23.74 7.74 -6.75 23.74 8.66 -6.75 23.57
5 24 7.74 -1.87 23.74 7.74 -6.75 23.74 8.66 -6.75 23.57 -7.26 -1.87 23.74
5 24 8.66 -6.75 23.57 8.66 -1.87 23.57 7.74 -1.87 23.74 9.51 -6.75 23.17
4 16 -8.2 -1.87 16.32 -7.26 -1.87 16.26 -7.26 -6.75 16.26 -8.2 -6.75 16.32
5 24 -8.2 -6.75 16.32 -8.2 -1.87 16.32 -7.26 -1.87 16.26 -9.1 -6.75 16.61
4 16 -8.2 -1.87 23.68 -9.1 -1.87 23.39 -9.1 -6.75 23.39 -8.2 -6.75 23.68
5 24 -9.1 -1.87 23.39 -9.1 -6.75 23.39 -8.2 -6.75 23.68 -9.89 -1.87 22.89
5 24 -8.2 -6.75 23.68 -8.2 -1.87 23.68 -9.1 -1.87 23.39 -7.26 -6.75 23.74
4 16 10.79 -6.75 18.19 10.79 -1.87 18.19 11.13 -1.87 19.07 11.13 -6.75 19.07
5 24 10.79 -6.75 18.19 10.79 -1.87 18.19 11.13 -1.87 19.07 10.23 -6.75 17.43
4 16 10.23 -6.75 17.43 10.23 -1.87 17.43 10.79 -1.87 18.19 10.79 -6.75 18.19
5 24 10.23 -6.75 17.43 10.23 -1.87 17.43 10.79 -1.87 18.19 9.51 -6.75 16.83
4 16 -10.53 -1.87 22.2 -10.53 -6.75 22.2 -9.89 -6.75 22.89 -9.89 -1.87 22.89
5 24 -10.53 -1.87 22.2 -10.53 -6.75 22.2 -9.89 -6.75 22.89 -10.99 -1.87 21.38
5 24 -9.89 -6.75 22.89 -9.89 -1.87 22.89 -10.53 -1.87 22.2 -9.1 -6.75 23.39
4 16 -7.26 -1.87 23.74 -8.2 -1.87 23.68 -8.2 -6.75 23.68 -7.26 -6.75 23.74
5 24 -7.26 -6.75 23.74 -7.26 -1.87 23.74 -8.2 -1.87 23.68 7.74 -6.75 23.74
4 16 -9.1 -1.87 23.39 -9.89 -1.87 22.89 -9.89 -6.75 22.89 -9.1 -6.75 23.39
4 16 -9.89 -1.87 17.11 -9.1 -1.87 16.61 -9.1 -6.75 16.61 -9.89 -6.75 17.11
5 24 -9.1 -1.87 16.61 -9.1 -6.75 16.61 -9.89 -6.75 17.11 -8.2 -1.87 16.32
5 24 -9.89 -6.75 17.11 -9.89 -1.87 17.11 -9.1 -1.87 16.61 -10.53 -6.75 17.8
4 16 10.79 -6.75 21.81 10.79 -1.87 21.81 10.23 -1.87 22.57 10.23 -6.75 22.57
5 24 10.79 -6.75 21.81 10.79 -1.87 21.81 10.23 -1.87 22.57 11.13 -6.75 20.93
5 24 10.23 -1.87 22.57 10.23 -6.75 22.57 10.79 -6.75 21.81 9.51 -1.87 23.17
4 16 7.74 -1.87 16.26 8.66 -1.87 16.43 8.66 -6.75 16.43 7.74 -6.75 16.26
5 24 8.66 -1.87 16.43 8.66 -6.75 16.43 7.74 -6.75 16.26 9.51 -1.87 16.83
4 16 9.51 -1.87 23.17 8.66 -1.87 23.57 8.66 -6.75 23.57 9.51 -6.75 23.17
5 24 9.51 -6.75 23.17 9.51 -1.87 23.17 8.66 -1.87 23.57 10.23 -6.75 22.57
4 16 -11.22 -1.87 19.53 -11.22 -6.75 19.53 -11.22 -6.75 20.47 -11.22 -1.87 20.47
5 24 -11.22 -1.87 19.53 -11.22 -6.75 19.53 -11.22 -6.75 20.47 -10.99 -1.87 18.62
4 16 7.74 -1.87 23.74 -7.26 -1.87 23.74 -7.26 -6.75 23.74 7.74 -6.75 23.74
4 16 9.51 -1.87 16.83 10.23 -1.87 17.43 10.23 -6.75 17.43 9.51 -6.75 16.83
5 24 9.51 -6.75 16.83 9.51 -1.87 16.83 10.23 -1.87 17.43 8.66 -6.75 16.43
4 16 -9.1 -1.87 16.61 -8.2 -1.87 16.32 -8.2 -6.75 16.32 -9.1 -6.75 16.61
4 16 -10.99 -1.87 18.62 -10.99 -6.75 18.62 -11.22 -6.75 19.53 -11.22 -1.87 19.53
5 24 -10.99 -1.87 18.62 -10.99 -6.75 18.62 -11.22 -6.75 19.53 -10.53 -1.87 17.8
4 16 8.66 -1.87 16.43 9.51 -1.87 16.83 9.51 -6.75 16.83 8.66 -6.75 16.43
4 16 -9.89 -1.87 17.11 -9.89 -6.75 17.11 -10.53 -6.75 17.8 -10.53 -1.87 17.8
5 24 -10.53 -6.75 17.8 -10.53 -1.87 17.8 -9.89 -1.87 17.11 -10.99 -6.75 18.62
4 16 11.13 -6.75 20.93 11.13 -1.87 20.93 10.79 -1.87 21.81 10.79 -6.75 21.81
4 16 -10.53 -1.87 17.8 -10.53 -6.75 17.8 -10.99 -6.75 18.62 -10.99 -1.87 18.62
4 16 10.23 -1.87 22.57 9.51 -1.87 23.17 9.51 -6.75 23.17 10.23 -6.75 22.57
4 16 -10.99 -1.87 21.38 -10.99 -6.75 21.38 -10.53 -6.75 22.2 -10.53 -1.87 22.2
