0 Nut M4
0 Name: nut-M4.dat
0 Author: Ondřej Tůma
0 !CATEGORY m-Bitbeam

0 !LDRAW_ORG Unofficial_Part
0 !LICENSE Redistributable under CCAL version 2.0 : see CAreadme.txt

0 BFC CERTIFY CCW

0 // Created with stl2dat conversion tool

3 16 9.5 0 0 4.84 0 -1.24 5 0 0
2 24 4.84 0 -1.24 5 0 0
4 16 4.38 0 -2.41 9.5 0 0 4.75 0 -8.23 3.64 0 -3.42
2 24 4.75 0 -8.23 9.5 0 0
2 24 3.64 0 -3.42 4.38 0 -2.41
3 16 9.5 0 0 4.38 0 -2.41 4.84 0 -1.24
2 24 4.38 0 -2.41 4.84 0 -1.24
3 16 4.75 0 -8.23 2.68 0 -4.22 3.64 0 -3.42
2 24 2.68 0 -4.22 3.64 0 -3.42
3 16 4.75 0 -8.23 1.55 0 -4.76 2.68 0 -4.22
2 24 1.55 0 -4.76 2.68 0 -4.22
3 16 4.75 0 -8.23 0.31 0 -4.99 1.55 0 -4.76
2 24 0.31 0 -4.99 1.55 0 -4.76
4 16 -4.75 0 -8.23 -0.94 0 -4.91 0.31 0 -4.99 4.75 0 -8.23
2 24 -0.94 0 -4.91 0.31 0 -4.99
2 24 -4.75 0 -8.23 4.75 0 -8.23
3 16 -0.94 0 -4.91 -4.75 0 -8.23 -2.13 0 -4.52
2 24 -2.13 0 -4.52 -0.94 0 -4.91
3 16 -4.75 0 -8.23 -3.19 0 -3.85 -2.13 0 -4.52
2 24 -3.19 0 -3.85 -2.13 0 -4.52
3 16 -4.75 0 -8.23 -4.05 0 -2.94 -3.19 0 -3.85
2 24 -4.05 0 -2.94 -3.19 0 -3.85
4 16 -9.5 0 0 -4.65 0 -1.84 -4.05 0 -2.94 -4.75 0 -8.23
2 24 -4.65 0 -1.84 -4.05 0 -2.94
2 24 -9.5 0 0 -4.75 0 -8.23
3 16 -4.96 0 -0.63 -9.5 0 0 -4.96 0 0.63
2 24 -4.96 0 0.63 -4.96 0 -0.63
3 16 -4.65 0 -1.84 -9.5 0 0 -4.96 0 -0.63
2 24 -4.96 0 -0.63 -4.65 0 -1.84
3 16 4.84 0 1.24 9.5 0 0 5 0 0
2 24 5 0 0 4.84 0 1.24
3 16 4.38 0 2.41 9.5 0 0 4.84 0 1.24
2 24 4.84 0 1.24 4.38 0 2.41
4 16 9.5 0 0 4.38 0 2.41 3.64 0 3.42 4.75 0 8.23
2 24 4.38 0 2.41 3.64 0 3.42
2 24 9.5 0 0 4.75 0 8.23
3 16 2.68 0 4.22 4.75 0 8.23 3.64 0 3.42
2 24 3.64 0 3.42 2.68 0 4.22
3 16 1.55 0 4.76 4.75 0 8.23 2.68 0 4.22
2 24 2.68 0 4.22 1.55 0 4.76
3 16 0.31 0 4.99 4.75 0 8.23 1.55 0 4.76
2 24 1.55 0 4.76 0.31 0 4.99
4 16 -4.75 0 8.23 4.75 0 8.23 0.31 0 4.99 -0.94 0 4.91
2 24 4.75 0 8.23 -4.75 0 8.23
2 24 0.31 0 4.99 -0.94 0 4.91
3 16 -4.75 0 8.23 -0.94 0 4.91 -2.13 0 4.52
2 24 -0.94 0 4.91 -2.13 0 4.52
3 16 -3.19 0 3.85 -4.75 0 8.23 -2.13 0 4.52
2 24 -2.13 0 4.52 -3.19 0 3.85
3 16 -4.05 0 2.94 -4.75 0 8.23 -3.19 0 3.85
2 24 -3.19 0 3.85 -4.05 0 2.94
4 16 -9.5 0 0 -4.75 0 8.23 -4.05 0 2.94 -4.65 0 1.84
2 24 -4.75 0 8.23 -9.5 0 0
2 24 -4.05 0 2.94 -4.65 0 1.84
3 16 -9.5 0 0 -4.65 0 1.84 -4.96 0 0.63
2 24 -4.65 0 1.84 -4.96 0 0.63

3 16 9.5 -8 0 4.84 -8 1.24 5 -8 0
2 24 4.84 -8 1.24 5 -8 0
4 16 4.38 -8 2.41 9.5 -8 0 4.75 -8 8.23 3.64 -8 3.42
2 24 4.75 -8 8.23 9.5 -8 0
2 24 3.64 -8 3.42 4.38 -8 2.41
3 16 9.5 -8 0 4.38 -8 2.41 4.84 -8 1.24
2 24 4.38 -8 2.41 4.84 -8 1.24
3 16 4.75 -8 8.23 2.68 -8 4.22 3.64 -8 3.42
2 24 2.68 -8 4.22 3.64 -8 3.42
3 16 4.75 -8 8.23 1.55 -8 4.76 2.68 -8 4.22
2 24 1.55 -8 4.76 2.68 -8 4.22
3 16 4.75 -8 8.23 0.31 -8 4.99 1.55 -8 4.76
2 24 0.31 -8 4.99 1.55 -8 4.76
4 16 -4.75 -8 8.23 -0.94 -8 4.91 0.31 -8 4.99 4.75 -8 8.23
2 24 -0.94 -8 4.91 0.31 -8 4.99
2 24 -4.75 -8 8.23 4.75 -8 8.23
3 16 -0.94 -8 4.91 -4.75 -8 8.23 -2.13 -8 4.52
2 24 -2.13 -8 4.52 -0.94 -8 4.91
3 16 -4.75 -8 8.23 -3.19 -8 3.85 -2.13 -8 4.52
2 24 -3.19 -8 3.85 -2.13 -8 4.52
3 16 -4.75 -8 8.23 -4.05 -8 2.94 -3.19 -8 3.85
2 24 -4.05 -8 2.94 -3.19 -8 3.85
4 16 -9.5 -8 0 -4.65 -8 1.84 -4.05 -8 2.94 -4.75 -8 8.23
2 24 -4.65 -8 1.84 -4.05 -8 2.94
2 24 -9.5 -8 0 -4.75 -8 8.23
3 16 -4.96 -8 0.63 -9.5 -8 0 -4.96 -8 -0.63
2 24 -4.96 -8 -0.63 -4.96 -8 0.63
3 16 -4.65 -8 1.84 -9.5 -8 0 -4.96 -8 0.63
2 24 -4.96 -8 0.63 -4.65 -8 1.84
3 16 4.84 -8 -1.24 9.5 -8 0 5 -8 0
2 24 5 -8 0 4.84 -8 -1.24
3 16 4.38 -8 -2.41 9.5 -8 0 4.84 -8 -1.24
2 24 4.84 -8 -1.24 4.38 -8 -2.41
4 16 9.5 -8 0 4.38 -8 -2.41 3.64 -8 -3.42 4.75 -8 -8.23
2 24 4.38 -8 -2.41 3.64 -8 -3.42
2 24 9.5 -8 0 4.75 -8 -8.23
3 16 2.68 -8 -4.22 4.75 -8 -8.23 3.64 -8 -3.42
2 24 3.64 -8 -3.42 2.68 -8 -4.22
3 16 1.55 -8 -4.76 4.75 -8 -8.23 2.68 -8 -4.22
2 24 2.68 -8 -4.22 1.55 -8 -4.76
3 16 0.31 -8 -4.99 4.75 -8 -8.23 1.55 -8 -4.76
2 24 1.55 -8 -4.76 0.31 -8 -4.99
4 16 -4.75 -8 -8.23 4.75 -8 -8.23 0.31 -8 -4.99 -0.94 -8 -4.91
2 24 4.75 -8 -8.23 -4.75 -8 -8.23
2 24 0.31 -8 -4.99 -0.94 -8 -4.91
3 16 -4.75 -8 -8.23 -0.94 -8 -4.91 -2.13 -8 -4.52
2 24 -0.94 -8 -4.91 -2.13 -8 -4.52
3 16 -3.19 -8 -3.85 -4.75 -8 -8.23 -2.13 -8 -4.52
2 24 -2.13 -8 -4.52 -3.19 -8 -3.85
3 16 -4.05 -8 -2.94 -4.75 -8 -8.23 -3.19 -8 -3.85
2 24 -3.19 -8 -3.85 -4.05 -8 -2.94
4 16 -9.5 -8 0 -4.75 -8 -8.23 -4.05 -8 -2.94 -4.65 -8 -1.84
2 24 -4.75 -8 -8.23 -9.5 -8 0
2 24 -4.05 -8 -2.94 -4.65 -8 -1.84
3 16 -9.5 -8 0 -4.65 -8 -1.84 -4.96 -8 -0.63
2 24 -4.65 -8 -1.84 -4.96 -8 -0.63

4 16 -4.75 0 -8.23 4.75 0 -8.23 4.75 -8 -8.23 -4.75 -8 -8.23
2 24 4.75 0 -8.23 4.75 -8 -8.23
2 24 -4.75 -8 -8.23 -4.75 0 -8.23
4 16 4.75 -8 -8.23 4.75 0 -8.23 9.5 0 0 9.5 -8 0
2 24 9.5 0 0 9.5 -8 0
4 16 4.75 0 8.23 -4.75 0 8.23 -4.75 -8 8.23 4.75 -8 8.23
2 24 -4.75 0 8.23 -4.75 -8 8.23
2 24 4.75 -8 8.23 4.75 0 8.23
4 16 9.5 -8 0 9.5 0 0 4.75 0 8.23 4.75 -8 8.23
4 16 -9.5 0 0 -9.5 -8 0 -4.75 -8 8.23 -4.75 0 8.23
2 24 -9.5 0 0 -9.5 -8 0
4 16 -4.75 0 -8.23 -4.75 -8 -8.23 -9.5 -8 0 -9.5 0 0
4 16 4.84 0 1.24 4.84 -8 1.24 4.38 -8 2.41 4.38 0 2.41
5 24 4.84 0 1.24 4.84 -8 1.24 4.38 -8 2.41 5 0 0
5 24 4.38 -8 2.41 4.38 0 2.41 4.84 0 1.24 3.64 -8 3.42
4 16 5 0 0 5 -8 0 4.84 -8 1.24 4.84 0 1.24
5 24 5 0 0 5 -8 0 4.84 -8 1.24 4.84 0 -1.24
4 16 4.38 0 2.41 4.38 -8 2.41 3.64 -8 3.42 3.64 0 3.42
5 24 3.64 -8 3.42 3.64 0 3.42 4.38 0 2.41 2.68 -8 4.22
4 16 0.31 0 4.99 1.55 0 4.76 1.55 -8 4.76 0.31 -8 4.99
5 24 1.55 0 4.76 1.55 -8 4.76 0.31 -8 4.99 2.68 0 4.22
5 24 0.31 -8 4.99 0.31 0 4.99 1.55 0 4.76 -0.94 -8 4.91
4 16 -2.13 0 4.52 -0.94 0 4.91 -0.94 -8 4.91 -2.13 -8 4.52
5 24 -0.94 0 4.91 -0.94 -8 4.91 -2.13 -8 4.52 0.31 0 4.99
5 24 -2.13 -8 4.52 -2.13 0 4.52 -0.94 0 4.91 -3.19 -8 3.85
4 16 -3.19 0 3.85 -2.13 0 4.52 -2.13 -8 4.52 -3.19 -8 3.85
5 24 -3.19 -8 3.85 -3.19 0 3.85 -2.13 0 4.52 -4.05 -8 2.94
4 16 2.68 0 4.22 3.64 0 3.42 3.64 -8 3.42 2.68 -8 4.22
5 24 2.68 -8 4.22 2.68 0 4.22 3.64 0 3.42 1.55 -8 4.76
4 16 -4.05 -8 2.94 -4.05 0 2.94 -3.19 0 3.85 -3.19 -8 3.85
5 24 -4.05 -8 2.94 -4.05 0 2.94 -3.19 0 3.85 -4.65 -8 1.84
4 16 4.38 0 -2.41 4.38 -8 -2.41 4.84 -8 -1.24 4.84 0 -1.24
5 24 4.38 0 -2.41 4.38 -8 -2.41 4.84 -8 -1.24 3.64 0 -3.42
5 24 4.84 -8 -1.24 4.84 0 -1.24 4.38 0 -2.41 5 -8 0
4 16 -3.19 -8 -3.85 -3.19 0 -3.85 -4.05 0 -2.94 -4.05 -8 -2.94
5 24 -3.19 -8 -3.85 -3.19 0 -3.85 -4.05 0 -2.94 -2.13 -8 -4.52
5 24 -4.05 0 -2.94 -4.05 -8 -2.94 -3.19 -8 -3.85 -4.65 0 -1.84
4 16 0.31 0 -4.99 -0.94 0 -4.91 -0.94 -8 -4.91 0.31 -8 -4.99
5 24 -0.94 0 -4.91 -0.94 -8 -4.91 0.31 -8 -4.99 -2.13 0 -4.52
5 24 0.31 -8 -4.99 0.31 0 -4.99 -0.94 0 -4.91 1.55 -8 -4.76
4 16 3.64 0 -3.42 2.68 0 -4.22 2.68 -8 -4.22 3.64 -8 -3.42
5 24 2.68 0 -4.22 2.68 -8 -4.22 3.64 -8 -3.42 1.55 0 -4.76
5 24 3.64 -8 -3.42 3.64 0 -3.42 2.68 0 -4.22 4.38 -8 -2.41
4 16 4.84 0 -1.24 4.84 -8 -1.24 5 -8 0 5 0 0
4 16 3.64 0 -3.42 3.64 -8 -3.42 4.38 -8 -2.41 4.38 0 -2.41
4 16 1.55 0 4.76 2.68 0 4.22 2.68 -8 4.22 1.55 -8 4.76
4 16 -4.65 -8 1.84 -4.65 0 1.84 -4.05 0 2.94 -4.05 -8 2.94
5 24 -4.65 -8 1.84 -4.65 0 1.84 -4.05 0 2.94 -4.96 -8 0.63
4 16 -0.94 0 -4.91 -2.13 0 -4.52 -2.13 -8 -4.52 -0.94 -8 -4.91
5 24 -2.13 0 -4.52 -2.13 -8 -4.52 -0.94 -8 -4.91 -3.19 0 -3.85
4 16 -4.65 -8 -1.84 -4.65 0 -1.84 -4.96 0 -0.63 -4.96 -8 -0.63
5 24 -4.65 -8 -1.84 -4.65 0 -1.84 -4.96 0 -0.63 -4.05 -8 -2.94
5 24 -4.96 0 -0.63 -4.96 -8 -0.63 -4.65 -8 -1.84 -4.96 0 0.63
4 16 2.68 0 -4.22 1.55 0 -4.76 1.55 -8 -4.76 2.68 -8 -4.22
5 24 1.55 0 -4.76 1.55 -8 -4.76 2.68 -8 -4.22 0.31 0 -4.99
4 16 1.55 0 -4.76 0.31 0 -4.99 0.31 -8 -4.99 1.55 -8 -4.76
4 16 -2.13 0 -4.52 -3.19 0 -3.85 -3.19 -8 -3.85 -2.13 -8 -4.52
4 16 -4.96 -8 -0.63 -4.96 0 -0.63 -4.96 0 0.63 -4.96 -8 0.63
5 24 -4.96 0 0.63 -4.96 -8 0.63 -4.96 -8 -0.63 -4.65 0 1.84
4 16 -4.05 -8 -2.94 -4.05 0 -2.94 -4.65 0 -1.84 -4.65 -8 -1.84
4 16 -0.94 0 4.91 0.31 0 4.99 0.31 -8 4.99 -0.94 -8 4.91
4 16 -4.96 -8 0.63 -4.96 0 0.63 -4.65 0 1.84 -4.65 -8 1.84
