0 12V Power Switch
0 Name: switch.dat
0 Author: Ondřej Tůma
0 !CATEGORY m-Bitbeam

0 !LDRAW_ORG Unofficial_Part
0 !LICENSE Redistributable under CCAL version 2.0 : see CAreadme.txt

0 BFC CERTIFY CCW

0 // Created with stl2dat conversion tool

4 16 12.5 -23.75 -14.51 18.75 -23.75 -26.87 18.75 -23.75 26.87 12.5 -23.75 18.82
2 24 18.75 -23.75 26.87 18.75 -23.75 -26.87
2 24 12.5 -23.75 18.82 12.5 -23.75 -14.51
4 16 18.75 -23.75 26.87 -18.75 -23.75 26.87 -12.5 -23.75 18.82 12.5 -23.75 18.82
2 24 18.75 -23.75 26.87 -18.75 -23.75 26.87
2 24 -12.5 -23.75 18.82 12.5 -23.75 18.82
4 16 -12.5 -23.75 18.82 -18.75 -23.75 26.87 -18.75 -23.75 -26.87 -12.5 -23.75 -14.51
2 24 -18.75 -23.75 26.87 -18.75 -23.75 -26.87
2 24 -12.5 -23.75 -14.51 -12.5 -23.75 18.82
4 16 -12.5 -23.75 -14.51 -18.75 -23.75 -26.87 18.75 -23.75 -26.87 12.5 -23.75 -14.51
2 24 -18.75 -23.75 -26.87 18.75 -23.75 -26.87
5 24 12.5 -23.75 -14.51 -12.5 -23.75 -14.51 -18.75 -23.75 -26.87 12.5 -29.45 17.81

3 16 -16.25 36.25 23.75 -16.25 36.25 -23.75 -16.25 18.75 23.75
2 24 -16.25 36.25 23.75 -16.25 36.25 -23.75
2 24 -16.25 18.75 23.75 -16.25 36.25 23.75
3 16 -16.25 18.75 23.75 -16.25 -18.75 25 -16.25 18.75 25
2 24 -16.25 -18.75 25 -16.25 18.75 25
2 24 -16.25 18.75 23.75 -16.25 18.75 25
4 16 -16.25 18.75 -23.75 -16.25 -18.75 25 -16.25 18.75 23.75 -16.25 36.25 -23.75
2 24 -16.25 36.25 -23.75 -16.25 18.75 -23.75
4 16 -16.25 -18.75 -25 -16.25 -18.75 25 -16.25 18.75 -23.75 -16.25 18.75 -25
2 24 -16.25 -18.75 25 -16.25 -18.75 -25
2 24 -16.25 18.75 -25 -16.25 18.75 -23.75
2 24 -16.25 18.75 -25 -16.25 -18.75 -25

4 16 18.75 -18.75 -26.87 16.25 -18.75 -25 16.25 -18.75 25 18.75 -18.75 26.87
2 24 16.25 -18.75 25 16.25 -18.75 -25
2 24 18.75 -18.75 26.87 18.75 -18.75 -26.87
4 16 18.75 -18.75 -26.87 -18.75 -18.75 -26.87 -16.25 -18.75 -25 16.25 -18.75 -25
2 24 18.75 -18.75 -26.87 -18.75 -18.75 -26.87
2 24 -16.25 -18.75 -25 16.25 -18.75 -25
4 16 -16.25 -18.75 -25 -18.75 -18.75 -26.87 -18.75 -18.75 26.87 -16.25 -18.75 25
2 24 -18.75 -18.75 -26.87 -18.75 -18.75 26.87
4 16 -16.25 -18.75 25 -18.75 -18.75 26.87 18.75 -18.75 26.87 16.25 -18.75 25
2 24 -18.75 -18.75 26.87 18.75 -18.75 26.87
2 24 16.25 -18.75 25 -16.25 -18.75 25

3 16 16.25 -18.75 25 16.25 18.75 23.75 16.25 18.75 25
2 24 16.25 18.75 23.75 16.25 18.75 25
2 24 16.25 18.75 25 16.25 -18.75 25
4 16 16.25 18.75 23.75 16.25 18.75 -23.75 16.25 36.25 -23.75 16.25 36.25 23.75
2 24 16.25 18.75 -23.75 16.25 36.25 -23.75
2 24 16.25 36.25 -23.75 16.25 36.25 23.75
2 24 16.25 36.25 23.75 16.25 18.75 23.75
3 16 16.25 -18.75 25 16.25 18.75 -23.75 16.25 18.75 23.75
4 16 16.25 -18.75 -25 16.25 18.75 -25 16.25 18.75 -23.75 16.25 -18.75 25
2 24 16.25 -18.75 -25 16.25 18.75 -25
2 24 16.25 18.75 -25 16.25 18.75 -23.75

4 16 -16.25 18.75 23.75 -16.25 18.75 25 16.25 18.75 25 16.25 18.75 23.75
2 24 -16.25 18.75 25 16.25 18.75 25
2 24 16.25 18.75 23.75 -16.25 18.75 23.75
4 16 -16.25 18.75 -25 -16.25 18.75 -23.75 16.25 18.75 -23.75 16.25 18.75 -25
2 24 -16.25 18.75 -23.75 16.25 18.75 -23.75
2 24 16.25 18.75 -25 -16.25 18.75 -25
4 16 16.25 18.75 25 -16.25 18.75 25 -16.25 -18.75 25 16.25 -18.75 25
4 16 -16.25 18.75 -25 16.25 18.75 -25 16.25 -18.75 -25 -16.25 -18.75 -25
4 16 18.75 -23.75 -26.87 18.75 -18.75 -26.87 18.75 -18.75 26.87 18.75 -23.75 26.87
2 24 18.75 -23.75 -26.87 18.75 -18.75 -26.87
2 24 18.75 -18.75 26.87 18.75 -23.75 26.87
4 16 -18.75 -18.75 -26.87 -18.75 -23.75 -26.87 -18.75 -23.75 26.87 -18.75 -18.75 26.87
2 24 -18.75 -18.75 -26.87 -18.75 -23.75 -26.87
2 24 -18.75 -23.75 26.87 -18.75 -18.75 26.87
4 16 18.75 -18.75 26.87 -18.75 -18.75 26.87 -18.75 -23.75 26.87 18.75 -23.75 26.87
4 16 -18.75 -18.75 -26.87 18.75 -18.75 -26.87 18.75 -23.75 -26.87 -18.75 -23.75 -26.87
4 16 -16.25 36.25 -23.75 -16.25 36.25 23.75 16.25 36.25 23.75 16.25 36.25 -23.75
2 24 -16.25 36.25 23.75 16.25 36.25 23.75
2 24 16.25 36.25 -23.75 -16.25 36.25 -23.75
4 16 16.25 36.25 23.75 -16.25 36.25 23.75 -16.25 18.75 23.75 16.25 18.75 23.75
4 16 -16.25 36.25 -23.75 16.25 36.25 -23.75 16.25 18.75 -23.75 -16.25 18.75 -23.75
3 16 -12.5 -23.75 18.82 -12.5 -23.75 -14.51 -12.5 -29.45 17.81
2 24 -12.5 -23.75 -14.51 -12.5 -29.45 17.81
2 24 -12.5 -29.45 17.81 -12.5 -23.75 18.82
3 16 12.5 -29.45 17.81 12.5 -23.75 -14.51 12.5 -23.75 18.82
2 24 12.5 -29.45 17.81 12.5 -23.75 -14.51
2 24 12.5 -23.75 18.82 12.5 -29.45 17.81
4 16 -12.5 -29.45 17.81 -12.5 -23.75 -14.51 12.5 -23.75 -14.51 12.5 -29.45 17.81
2 24 12.5 -29.45 17.81 -12.5 -29.45 17.81
4 16 12.5 -23.75 18.82 -12.5 -23.75 18.82 -12.5 -29.45 17.81 12.5 -29.45 17.81
